(224, 178): 256
(224, 179): 257
(32, 256): 258
(257, 141): 259
(259, 256): 260
(256, 191): 261
(261, 256): 262
(257, 129): 263
(256, 190): 264
(264, 256): 265
(257, 134): 266
(256, 176): 267
(256, 166): 268
(263, 258): 269
(256, 181): 270
(256, 178): 271
(256, 168): 272
(256, 130): 273
(256, 164): 274
(256, 151): 275
(256, 149): 276
(256, 179): 277
(261, 258): 278
(266, 258): 279
(260, 164): 280
(256, 161): 281
(46, 10): 282
(260, 178): 283
(260, 176): 284
(257, 135): 285
(262, 166): 286
(257, 130): 287
(265, 176): 288
(256, 184): 289
(260, 168): 290
(260, 175): 291
(256, 175): 292
(265, 151): 293
(271, 283): 294
(259, 258): 295
(274, 280): 296
(262, 184): 297
(272, 290): 298
(256, 174): 299
(44, 258): 300
(273, 268): 301
(257, 128): 302
(275, 277): 303
(257, 138): 304
(258, 184): 305
(258, 174): 306
(256, 159): 307
(263, 270): 308
(256, 172): 309
(256, 170): 310
(257, 139): 311
(262, 175): 312
(262, 151): 313
(260, 166): 314
(298, 269): 315
(258, 149): 316
(262, 149): 317
(266, 292): 318
(294, 278): 319
(256, 185): 320
(266, 282): 321
(260, 159): 322
(256, 163): 323
(257, 149): 324
(276, 260): 325
(226, 128): 326
(262, 176): 327
(258, 170): 328
(263, 296): 329
(267, 260): 330
(262, 168): 331
(286, 314): 332
(262, 164): 333
(262, 130): 334
(258, 168): 335
(258, 133): 336
(258, 181): 337
(263, 282): 338
(263, 268): 339
(256, 154): 340
(265, 168): 341
(258, 185): 342
(258, 172): 343
(256, 182): 344
(265, 161): 345
(273, 274): 346
(259, 326): 347
(267, 269): 348
(301, 269): 349
(266, 287): 350
(260, 174): 351
(256, 156): 352
(265, 166): 353
(325, 149): 354
(313, 279): 355
(296, 269): 356
(334, 268): 357
(265, 178): 358
(270, 293): 359
(273, 281): 360
(347, 140): 361
(260, 181): 362
(265, 175): 363
(257, 136): 364
(256, 183): 365
(256, 167): 366
(265, 181): 367
(256, 173): 368
(262, 178): 369
(258, 176): 370
(266, 324): 371
(286, 321): 372
(262, 181): 373
(258, 134): 374
(270, 267): 375
(266, 275): 376
(260, 170): 377
(258, 142): 378
(258, 164): 379
(268, 319): 380
(265, 130): 381
(307, 322): 382
(271, 269): 383
(170, 284): 384
(328, 284): 385
(265, 174): 386
(265, 184): 387
(265, 164): 388
(263, 300): 389
(273, 309): 390
(135, 268): 391
(325, 183): 392
(279, 174): 393
(313, 277): 394
(258, 156): 395
(260, 165): 396
(258, 166): 397
(262, 174): 398
(369, 283): 399
(266, 303): 400
(329, 268): 401
(258, 151): 402
(261, 324): 403
(257, 131): 404
(267, 338): 405
(266, 300): 406
(308, 339): 407
(266, 268): 408
(260, 184): 409
(265, 156): 410
(270, 315): 411
(260, 179): 412
(260, 154): 413
(277, 412): 414
(260, 149): 415
(266, 271): 416
(263, 267): 417
(265, 149): 418
(263, 276): 419
(270, 269): 420
(332, 288): 421
(261, 300): 422
(354, 279): 423
(174, 356): 424
(256, 133): 425
(260, 151): 426
(271, 293): 427
(285, 344): 428
(267, 279): 429
(267, 297): 430
(340, 413): 431
(293, 278): 432
(285, 276): 433
(266, 289): 434
(258, 182): 435
(350, 324): 436
(327, 308): 437
(258, 135): 438
(256, 150): 439
(365, 322): 440
(359, 278): 441
(299, 351): 442
(258, 154): 443
(276, 267): 444
(270, 348): 445
(303, 269): 446
(303, 315): 447
(265, 163): 448
(287, 267): 449
(302, 281): 450
(376, 279): 451
(256, 134): 452
(421, 321): 453
(263, 32): 454
(273, 275): 455
(257, 140): 456
(297, 286): 457
(285, 277): 458
(265, 167): 459
(304, 360): 460
(279, 168): 461
(272, 295): 462
(194, 160): 463
(267, 295): 464
(174, 345): 465
(260, 167): 466
(265, 185): 467
(401, 321): 468
(265, 159): 469
(146, 349): 470
(279, 142): 471
(258, 137): 472
(278, 184): 473
(266, 431): 474
(256, 165): 475
(262, 183): 476
(260, 163): 477
(263, 275): 478
(274, 291): 479
(305, 273): 480
(260, 172): 481
(256, 136): 482
(306, 356): 483
(258, 173): 484
(149, 288): 485
(304, 301): 486
(265, 170): 487
(289, 280): 488
(262, 182): 489
(309, 433): 490
(309, 320): 491
(262, 179): 492
(261, 32): 493
(269, 184): 494
(306, 345): 495
(311, 275): 496
(266, 267): 497
(279, 184): 498
(491, 339): 499
(310, 377): 500
(273, 307): 501
(262, 161): 502
(287, 271): 503
(276, 280): 504
(46, 32): 505
(266, 32): 506
(304, 414): 507
(285, 267): 508
(262, 159): 509
(278, 168): 510
(263, 299): 511
(260, 161): 512
(318, 319): 513
(285, 270): 514
(258, 175): 515
(263, 439): 516
(274, 284): 517
(276, 288): 518
(289, 396): 519
(323, 477): 520
(271, 295): 521
(316, 288): 522
(278, 174): 523
(262, 156): 524
(259, 32): 525
(259, 300): 526
(279, 149): 527
(278, 149): 528
(269, 149): 529
(273, 310): 530
(293, 287): 531
(266, 277): 532
(256, 142): 533
(261, 282): 534
(278, 133): 535
(281, 318): 536
(310, 284): 537
(302, 267): 538
(269, 185): 539
(279, 185): 540
(268, 294): 541
(297, 308): 542
(334, 275): 543
(270, 353): 544
(333, 280): 545
(262, 167): 546
(265, 179): 547
(295, 184): 548
(256, 391): 549
(278, 185): 550
(346, 267): 551
(318, 315): 552
(285, 271): 553
(260, 183): 554
(268, 314): 555
(256, 135): 556
(305, 299): 557
(309, 481): 558
(275, 426): 559
(258, 178): 560
(388, 284): 561
(295, 133): 562
(268, 267): 563
(269, 133): 564
(267, 323): 565
(266, 46): 566
(269, 174): 567
(256, 171): 568
(263, 272): 569
(333, 284): 570
(279, 133): 571
(263, 303): 572
(269, 168): 573
(276, 284): 574
(269, 172): 575
(274, 312): 576
(393, 345): 577
(297, 383): 578
(170, 267): 579
(268, 357): 580
(352, 272): 581
(258, 136): 582
(302, 292): 583
(330, 183): 584
(266, 257): 585
(267, 287): 586
(304, 281): 587
(273, 368): 588
(270, 264): 589
(585, 150): 590
(267, 357): 591
(268, 271): 592
(269, 142): 593
(263, 274): 594
(399, 282): 595
(279, 172): 596
(278, 172): 597
(301, 284): 598
(263, 301): 599
(475, 589): 600
(265, 182): 601
(263, 281): 602
(281, 408): 603
(297, 329): 604
(268, 429): 605
(295, 149): 606
(266, 307): 607
(261, 46): 608
(304, 277): 609
(398, 351): 610
(311, 281): 611
(328, 267): 612
(304, 267): 613
(258, 146): 614
(337, 291): 615
(366, 291): 616
(312, 319): 617
(44, 32): 618
(268, 306): 619
(378, 349): 620
(459, 291): 621
(346, 284): 622
(270, 272): 623
(262, 170): 624
(273, 366): 625
(471, 349): 626
(295, 168): 627
(311, 307): 628
(287, 281): 629
(326, 153): 630
(317, 460): 631
(317, 288): 632
(297, 427): 633
(326, 152): 634
(335, 327): 635
(275, 284): 636
(303, 319): 637
(268, 291): 638
(50, 48): 639
(265, 183): 640
(278, 181): 641
(272, 318): 642
(302, 289): 643
(289, 291): 644
(410, 291): 645
(263, 390): 646
(295, 174): 647
(273, 340): 648
(274, 267): 649
(311, 267): 650
(286, 405): 651
(330, 165): 652
(287, 348): 653
(266, 281): 654
(258, 391): 655
(267, 281): 656
(332, 389): 657
(266, 272): 658
(312, 315): 659
(332, 405): 660
(262, 142): 661
(265, 150): 662
(281, 434): 663
(258, 161): 664
(333, 338): 665
(134, 275): 666
(273, 276): 667
(499, 338): 668
(263, 271): 669
(285, 272): 670
(258, 159): 671
(545, 338): 672
(317, 507): 673
(404, 274): 674
(331, 290): 675
(269, 164): 676
(63, 10): 677
(256, 152): 678
(269, 181): 679
(262, 185): 680
(511, 288): 681
(279, 181): 682
(275, 267): 683
(279, 164): 684
(503, 276): 685
(395, 272): 686
(336, 272): 687
(343, 559): 688
(336, 375): 689
(262, 154): 690
(400, 315): 691
(330, 163): 692
(267, 263): 693
(305, 396): 694
(509, 322): 695
(330, 182): 696
(516, 291): 697
(331, 319): 698
(367, 323): 699
(302, 420): 700
(285, 307): 701
(322, 284): 702
(302, 272): 703
(522, 291): 704
(286, 291): 705
(133, 272): 706
(329, 288): 707
(288, 274): 708
(262, 172): 709
(262, 163): 710
(304, 271): 711
(258, 171): 712
(374, 267): 713
(32, 49): 714
(273, 303): 715
(312, 293): 716
(271, 377): 717
(278, 164): 718
(294, 264): 719
(295, 172): 720
(367, 339): 721
(258, 470): 722
(355, 184): 723
(302, 274): 724
(266, 310): 725
(278, 170): 726
(457, 405): 727
(285, 598): 728
(185, 458): 729
(168, 327): 730
(299, 272): 731
(310, 281): 732
(277, 289): 733
(393, 356): 734
(156, 272): 735
(330, 485): 736
(273, 352): 737
(330, 151): 738
(134, 267): 739
(330, 174): 740
(339, 466): 741
(270, 288): 742
(287, 310): 743
(505, 505): 744
(361, 272): 745
(268, 316): 746
(262, 173): 747
(416, 289): 748
(265, 154): 749
(311, 268): 750
(291, 381): 751
(334, 274): 752
(311, 310): 753
(278, 142): 754
(444, 323): 755
(373, 321): 756
(268, 305): 757
(306, 553): 758
(48, 48): 759
(388, 272): 760
(327, 407): 761
(291, 287): 762
(260, 158): 763
(295, 185): 764
(347, 139): 765
(371, 276): 766
(350, 301): 767
(267, 312): 768
(341, 291): 769
(329, 332): 770
(392, 323): 771
(265, 172): 772
(294, 268): 773
(279, 135): 774
(346, 320): 775
(285, 275): 776
(295, 181): 777
(267, 355): 778
(347, 141): 779
(302, 275): 780
(426, 277): 781
(295, 170): 782
(268, 466): 783
(342, 474): 784
(263, 277): 785
(271, 285): 786
(318, 293): 787
(363, 276): 788
(137, 296): 789
(263, 310): 790
(330, 173): 791
(342, 531): 792
(268, 428): 793
(284, 299): 794
(384, 274): 795
(467, 333): 796
(574, 299): 797
(397, 331): 798
(298, 287): 799
(278, 176): 800
(285, 365): 801
(760, 345): 802
(302, 271): 803
(259, 46): 804
(263, 307): 805
(268, 336): 806
(275, 479): 807
(185, 474): 808
(463, 463): 809
(263, 447): 810
(304, 289): 811
(269, 424): 812
(366, 632): 813
(306, 272): 814
(486, 355): 815
(266, 10): 816
(408, 419): 817
(443, 570): 818
(256, 160): 819
(288, 396): 820
(317, 415): 821
(133, 445): 822
(359, 372): 823
(266, 390): 824
(335, 450): 825
(133, 268): 826
(305, 362): 827
(354, 277): 828
(297, 453): 829
(452, 605): 830
(263, 289): 831
(330, 181): 832
(263, 10): 833
(270, 285): 834
(320, 288): 835
(337, 584): 836
(297, 271): 837
(307, 272): 838
(298, 281): 839
(278, 465): 840
(489, 362): 841
(268, 337): 842
(266, 301): 843
(403, 420): 844
(164, 492): 845
(267, 308): 846
(32, 40): 847
(289, 362): 848
(306, 685): 849
(311, 271): 850
(272, 285): 851
(546, 341): 852
(297, 407): 853
(343, 277): 854
(263, 365): 855
(394, 315): 856
(304, 349): 857
(386, 769): 858
(278, 424): 859
(336, 368): 860
(374, 275): 861
(258, 150): 862
(267, 406): 863
(295, 151): 864
(300, 184): 865
(311, 365): 866
(274, 290): 867
(524, 725): 868
(274, 272): 869
(287, 692): 870
(133, 375): 871
(302, 270): 872
(266, 349): 873
(711, 643): 874
(295, 465): 875
(263, 446): 876
(390, 625): 877
(263, 323): 878
(258, 143): 879
(383, 184): 880
(276, 601): 881
(287, 276): 882
(260, 160): 883
(133, 270): 884
(267, 290): 885
(267, 319): 886
(268, 696): 887
(306, 320): 888
(416, 420): 889
(339, 314): 890
(485, 291): 891
(284, 302): 892
(335, 551): 893
(304, 592): 894
(311, 581): 895
(329, 270): 896
(168, 450): 897
(272, 361): 898
(266, 382): 899
(317, 554): 900
(385, 274): 901
(381, 636): 902
(318, 357): 903
(616, 392): 904
(263, 309): 905
(263, 46): 906
(263, 320): 907
(299, 341): 908
(336, 270): 909
(266, 276): 910
(902, 434): 911
(640, 702): 912
(284, 386): 913
(264, 316): 914
(267, 318): 915
(593, 349): 916
(461, 450): 917
(364, 271): 918
(266, 294): 919
(279, 170): 920
(302, 392): 921
(350, 414): 922
(358, 292): 923
(266, 715): 924
(291, 270): 925
(297, 332): 926
(261, 10): 927
(381, 274): 928
(490, 338): 929
(289, 322): 930
(289, 415): 931
(258, 167): 932
(278, 151): 933
(289, 409): 934
(285, 352): 935
(387, 280): 936
(294, 493): 937
(266, 501): 938
(269, 166): 939
(292, 291): 940
(260, 156): 941
(267, 315): 942
(267, 361): 943
(295, 176): 944
(268, 285): 945
(134, 292): 946
(350, 360): 947
(285, 281): 948
(268, 342): 949
(275, 288): 950
(281, 512): 951
(469, 276): 952
(281, 398): 953
(286, 626): 954
(291, 387): 955
(301, 791): 956
(378, 390): 957
(281, 308): 958
(305, 320): 959
(164, 442): 960
(304, 274): 961
(33, 10): 962
(269, 170): 963
(569, 699): 964
(172, 733): 965
(300, 149): 966
(275, 460): 967
(639, 49): 968
(330, 156): 969
(311, 276): 970
(327, 741): 971
(258, 152): 972
(304, 382): 973
(311, 366): 974
(340, 373): 975
(707, 321): 976
(436, 275): 977
(364, 289): 978
(316, 358): 979
(330, 149): 980
(278, 384): 981
(340, 272): 982
(721, 285): 983
(300, 174): 984
(427, 372): 985
(278, 135): 986
(269, 465): 987
(615, 504): 988
(291, 341): 989
(364, 276): 990
(373, 404): 991
(32, 45): 992
(134, 605): 993
(336, 445): 994
(404, 365): 995
(380, 184): 996
(274, 377): 997
(278, 166): 998
(271, 287): 999
(289, 377): 1000
(423, 184): 1001
(267, 268): 1002
(308, 346): 1003
(269, 135): 1004
(267, 270): 1005
(371, 344): 1006
(313, 287): 1007
(168, 700): 1008
(285, 517): 1009
(522, 323): 1010
(263, 368): 1011
(168, 610): 1012
(266, 320): 1013
(289, 361): 1014
(256, 137): 1015
(275, 279): 1016
(295, 424): 1017
(476, 322): 1018
(269, 151): 1019
(354, 287): 1020
(267, 317): 1021
(294, 282): 1022
(263, 382): 1023
(284, 320): 1024
(291, 363): 1025
(278, 134): 1026
(278, 182): 1027
(690, 288): 1028
(329, 437): 1029
(330, 154): 1030
(295, 134): 1031
(330, 167): 1032
(292, 288): 1033
(476, 292): 1034
(259, 10): 1035
(286, 466): 1036
(297, 468): 1037
(363, 665): 1038
(329, 372): 1039
(293, 372): 1040
(276, 348): 1041
(278, 156): 1042
(146, 301): 1043
(269, 176): 1044
(439, 291): 1045
(267, 410): 1046
(302, 310): 1047
(342, 458): 1048
(352, 763): 1049
(303, 355): 1050
(268, 335): 1051
(336, 600): 1052
(381, 275): 1053
(315, 184): 1054
(373, 546): 1055
(312, 264): 1056
(32, 50): 1057
(268, 343): 1058
(710, 386): 1059
(285, 274): 1060
(304, 558): 1061
(705, 820): 1062
(315, 149): 1063
(185, 486): 1064
(305, 736): 1065
(265, 165): 1066
(304, 296): 1067
(271, 291): 1068
(370, 410): 1069
(277, 408): 1070
(136, 275): 1071
(385, 299): 1072
(289, 368): 1073
(374, 292): 1074
(295, 164): 1075
(306, 288): 1076
(310, 267): 1077
(273, 344): 1078
(362, 267): 1079
(302, 276): 1080
(342, 357): 1081
(370, 645): 1082
(295, 142): 1083
(364, 272): 1084
(376, 817): 1085
(366, 341): 1086
(371, 271): 1087
(267, 293): 1088
(303, 357): 1089
(286, 346): 1090
(263, 58): 1091
(297, 631): 1092
(355, 172): 1093
(419, 280): 1094
(143, 272): 1095
(266, 298): 1096
(789, 299): 1097
(267, 518): 1098
(146, 277): 1099
(924, 449): 1100
(362, 320): 1101
(274, 318): 1102
(554, 1009): 1103
(137, 310): 1104
(311, 299): 1105
(330, 184): 1106
(309, 766): 1107
(269, 384): 1108
(343, 532): 1109
(380, 168): 1110
(49, 57): 1111
(555, 591): 1112
(305, 956): 1113
(279, 384): 1114
(331, 357): 1115
(371, 270): 1116
(461, 663): 1117
(288, 268): 1118
(271, 662): 1119
(266, 360): 1120
(417, 333): 1121
(286, 566): 1122
(302, 576): 1123
(287, 272): 1124
(404, 440): 1125
(300, 168): 1126
(291, 418): 1127
(318, 285): 1128
(380, 149): 1129
(366, 288): 1130
(326, 147): 1131
(267, 280): 1132
(279, 176): 1133
(266, 58): 1134
(285, 299): 1135
(302, 307): 1136
(268, 284): 1137
(259, 282): 1138
(317, 333): 1139
(257, 166): 1140
(256, 131): 1141
(312, 287): 1142
(388, 351): 1143
(456, 281): 1144
(1139, 409): 1145
(184, 299): 1146
(510, 450): 1147
(325, 184): 1148
(269, 134): 1149
(380, 174): 1150
(378, 301): 1151
(288, 588): 1152
(311, 272): 1153
(265, 173): 1154
(262, 171): 1155
(316, 284): 1156
(279, 151): 1157
(297, 280): 1158
(336, 268): 1159
(330, 170): 1160
(261, 58): 1161
(294, 422): 1162
(297, 372): 1163
(275, 609): 1164
(557, 292): 1165
(378, 656): 1166
(306, 296): 1167
(991, 783): 1168
(285, 289): 1169
(264, 305): 1170
(317, 318): 1171
(587, 512): 1172
(459, 632): 1173
(154, 570): 1174
(312, 285): 1175
(398, 341): 1176
(279, 166): 1177
(395, 399): 1178
(633, 372): 1179
(267, 389): 1180
(279, 391): 1181
(316, 364): 1182
(268, 644): 1183
(266, 299): 1184
(354, 432): 1185
(375, 355): 1186
(423, 172): 1187
(484, 293): 1188
(267, 277): 1189
(662, 271): 1190
(184, 362): 1191
(350, 277): 1192
(281, 312): 1193
(308, 267): 1194
(272, 270): 1195
(363, 333): 1196
(297, 673): 1197
(294, 331): 1198
(331, 398): 1199
(353, 586): 1200
(143, 276): 1201
(485, 323): 1202
(299, 622): 1203
(258, 144): 1204
(133, 600): 1205
(419, 460): 1206
(173, 293): 1207
(344, 290): 1208
(320, 277): 1209
(404, 296): 1210
(273, 475): 1211
(425, 268): 1212
(279, 134): 1213
(390, 339): 1214
(156, 399): 1215
(484, 708): 1216
(32, 32): 1217
(297, 490): 1218
(274, 362): 1219
(49, 48): 1220
(480, 310): 1221
(316, 748): 1222
(425, 445): 1223
(173, 708): 1224
(813, 394): 1225
(298, 454): 1226
(272, 327): 1227
(348, 184): 1228
(306, 263): 1229
(385, 292): 1230
(401, 406): 1231
(472, 310): 1232
(274, 409): 1233
(172, 532): 1234
(381, 344): 1235
(262, 150): 1236
(287, 340): 1237
(452, 563): 1238
(496, 291): 1239
(291, 487): 1240
(333, 267): 1241
(615, 270): 1242
(479, 346): 1243
(302, 623): 1244
(270, 287): 1245
(343, 288): 1246
(285, 439): 1247
(295, 135): 1248
(257, 167): 1249
(896, 321): 1250
(302, 268): 1251
(312, 357): 1252
(314, 428): 1253
(32, 34): 1254
(288, 322): 1255
(805, 646): 1256
(312, 432): 1257
(317, 607): 1258
(745, 319): 1259
(285, 320): 1260
(276, 358): 1261
(32, 463): 1262
(185, 531): 1263
(32, 634): 1264
(476, 883): 1265
(807, 270): 1266
(489, 801): 1267
(694, 277): 1268
(378, 289): 1269
(306, 697): 1270
(268, 383): 1271
(32, 51): 1272
(300, 172): 1273
(885, 952): 1274
(295, 182): 1275
(268, 275): 1276
(315, 168): 1277
(471, 301): 1278
(175, 367): 1279
(744, 46): 1280
(287, 299): 1281
(438, 267): 1282
(256, 470): 1283
(378, 294): 1284
(263, 360): 1285
(337, 364): 1286
(174, 599): 1287
(411, 149): 1288
(268, 417): 1289
(300, 133): 1290
(381, 281): 1291
(694, 341): 1292
(427, 468): 1293
(395, 961): 1294
(557, 644): 1295
(286, 266): 1296
(295, 156): 1297
(271, 372): 1298
(1011, 270): 1299
(355, 149): 1300
(276, 583): 1301
(312, 353): 1302
(303, 389): 1303
(260, 171): 1304
(574, 312): 1305
(368, 291): 1306
(451, 184): 1307
(411, 184): 1308
(328, 392): 1309
(256, 146): 1310
(267, 386): 1311
(286, 406): 1312
(306, 599): 1313
(751, 276): 1314
(630, 620): 1315
(277, 286): 1316
(342, 613): 1317
(400, 319): 1318
(359, 422): 1319
(300, 181): 1320
(288, 362): 1321
(342, 434): 1322
(266, 309): 1323
(480, 519): 1324
(175, 288): 1325
(843, 429): 1326
(331, 316): 1327
(704, 797): 1328
(337, 1034): 1329
(267, 353): 1330
(270, 387): 1331
(418, 440): 1332
(472, 296): 1333
(502, 478): 1334
(326, 166): 1335
(311, 352): 1336
(327, 312): 1337
(480, 678): 1338
(320, 492): 1339
(284, 312): 1340
(272, 275): 1341
(331, 305): 1342
(367, 327): 1343
(316, 628): 1344
(1143, 276): 1345
(308, 305): 1346
(340, 288): 1347
(268, 328): 1348
(340, 333): 1349
(164, 298): 1350
(508, 1090): 1351
(355, 174): 1352
(351, 448): 1353
(256, 144): 1354
(277, 333): 1355
(364, 307): 1356
(459, 272): 1357
(946, 415): 1358
(271, 420): 1359
(739, 588): 1360
(355, 185): 1361
(373, 288): 1362
(291, 469): 1363
(271, 333): 1364
(184, 273): 1365
(358, 415): 1366
(278, 154): 1367
(264, 282): 1368
(295, 384): 1369
(53, 48): 1370
(175, 983): 1371
(267, 525): 1372
(312, 299): 1373
(336, 310): 1374
(289, 273): 1375
(371, 277): 1376
(258, 147): 1377
(266, 274): 1378
(271, 595): 1379
(403, 292): 1380
(270, 338): 1381
(517, 317): 1382
(419, 507): 1383
(259, 34): 1384
(292, 289): 1385
(385, 793): 1386
(279, 154): 1387
(379, 360): 1388
(1062, 394): 1389
(402, 284): 1390
(32, 124): 1391
(310, 382): 1392
(319, 149): 1393
(661, 289): 1394
(300, 185): 1395
(435, 900): 1396
(264, 306): 1397
(272, 610): 1398
(265, 171): 1399
(650, 322): 1400
(337, 971): 1401
(359, 327): 1402
(331, 306): 1403
(314, 288): 1404
(272, 409): 1405
(311, 320): 1406
(287, 307): 1407
(184, 320): 1408
(277, 318): 1409
(315, 164): 1410
(142, 656): 1411
(294, 437): 1412
(809, 809): 1413
(293, 332): 1414
(275, 507): 1415
(316, 271): 1416
(397, 428): 1417
(133, 368): 1418
(709, 481): 1419
(482, 275): 1420
(353, 267): 1421
(378, 719): 1422
(532, 275): 1423
(560, 392): 1424
(680, 288): 1425
(305, 377): 1426
(269, 182): 1427
(259, 45): 1428
(302, 344): 1429
(747, 293): 1430
(289, 299): 1431
(316, 629): 1432
(297, 317): 1433
(396, 277): 1434
(176, 645): 1435
(313, 432): 1436
(912, 583): 1437
(515, 895): 1438
(335, 663): 1439
(151, 417): 1440
(267, 408): 1441
(301, 291): 1442
(371, 365): 1443
(661, 273): 1444
(287, 274): 1445
(316, 839): 1446
(1242, 519): 1447
(291, 504): 1448
(430, 286): 1449
(344, 291): 1450
(403, 281): 1451
(335, 958): 1452
(319, 168): 1453
(443, 964): 1454
(497, 277): 1455
(308, 288): 1456
(311, 289): 1457
(279, 156): 1458
(370, 743): 1459
(315, 174): 1460
(313, 506): 1461
(343, 301): 1462
(407, 399): 1463
(315, 172): 1464
(269, 154): 1465
(348, 149): 1466
(352, 941): 1467
(379, 442): 1468
(533, 289): 1469
(268, 308): 1470
(995, 477): 1471
(467, 272): 1472
(337, 841): 1473
(380, 172): 1474
(376, 287): 1475
(502, 312): 1476
(267, 275): 1477
(287, 352): 1478
(285, 292): 1479
(341, 321): 1480
(285, 268): 1481
(407, 595): 1482
(268, 346): 1483
(425, 375): 1484
(271, 361): 1485
(354, 393): 1486
(403, 267): 1487
(541, 422): 1488
(305, 455): 1489
(264, 328): 1490
(763, 341): 1491
(295, 159): 1492
(270, 320): 1493
(355, 164): 1494
(261, 45): 1495
(306, 894): 1496
(530, 272): 1497
(295, 171): 1498
(436, 281): 1499
(268, 293): 1500
(423, 164): 1501
(263, 677): 1502
(449, 280): 1503
(294, 287): 1504
(268, 374): 1505
(277, 312): 1506
(336, 346): 1507
(319, 184): 1508
(279, 182): 1509
(370, 1123): 1510
(1000, 517): 1511
(541, 493): 1512
(376, 406): 1513
(434, 322): 1514
(269, 156): 1515
(295, 166): 1516
(297, 422): 1517
(315, 185): 1518
(308, 293): 1519
(384, 292): 1520
(32, 58): 1521
(472, 555): 1522
(174, 296): 1523
(176, 410): 1524
(142, 294): 1525
(751, 281): 1526
(260, 155): 1527
(335, 610): 1528
(272, 683): 1529
(277, 276): 1530
(328, 268): 1531
(887, 272): 1532
(270, 298): 1533
(260, 185): 1534
(379, 298): 1535
(381, 366): 1536
(402, 417): 1537
(299, 275): 1538
(562, 375): 1539
(297, 401): 1540
(295, 666): 1541
(335, 683): 1542
(423, 149): 1543
(268, 385): 1544
(379, 492): 1545
(351, 317): 1546
(267, 316): 1547
(278, 175): 1548
(396, 333): 1549
(371, 307): 1550
(514, 271): 1551
(669, 368): 1552
(639, 48): 1553
(441, 149): 1554
(320, 780): 1555
(337, 852): 1556
(293, 786): 1557
(1072, 448): 1558
(525, 40): 1559
(261, 41): 1560
(168, 367): 1561
(267, 309): 1562
(306, 304): 1563
(397, 514): 1564
(270, 399): 1565
(309, 1100): 1566
(410, 317): 1567
(306, 828): 1568
(328, 382): 1569
(370, 287): 1570
(133, 563): 1571
(436, 307): 1572
(299, 516): 1573
(368, 367): 1574
(297, 499): 1575
(373, 387): 1576
(749, 288): 1577
(535, 375): 1578
(713, 588): 1579
(581, 317): 1580
(438, 1119): 1581
(440, 285): 1582
(268, 363): 1583
(270, 323): 1584
(59, 10): 1585
(334, 303): 1586
(337, 288): 1587
(358, 882): 1588
(277, 317): 1589
(287, 832): 1590
(340, 570): 1591
(888, 492): 1592
(848, 386): 1593
(721, 371): 1594
(273, 46): 1595
(612, 1059): 1596
(438, 294): 1597
(268, 467): 1598
(306, 388): 1599
(174, 802): 1600
(365, 366): 1601
(619, 553): 1602
(302, 340): 1603
(402, 913): 1604
(256, 162): 1605
(329, 453): 1606
(174, 288): 1607
(423, 185): 1608
(312, 462): 1609
(272, 551): 1610
(348, 172): 1611
(350, 592): 1612
(310, 417): 1613
(444, 280): 1614
(337, 1028): 1615
(272, 700): 1616
(295, 161): 1617
(148, 1601): 1618
(370, 364): 1619
(268, 419): 1620
(358, 276): 1621
(274, 552): 1622
(268, 379): 1623
(1598, 565): 1624
(297, 534): 1625
(276, 681): 1626
(441, 184): 1627
(997, 298): 1628
(328, 874): 1629
(271, 742): 1630
(278, 137): 1631
(307, 276): 1632
(1116, 271): 1633
(302, 299): 1634
(337, 373): 1635
(609, 275): 1636
(320, 293): 1637
(297, 437): 1638
(51, 48): 1639
(502, 286): 1640
(418, 554): 1641
(264, 335): 1642
(880, 621): 1643
(428, 1079): 1644
(341, 1124): 1645
(313, 323): 1646
(263, 344): 1647
(297, 668): 1648
(282, 299): 1649
(1321, 1580): 1650
(489, 284): 1651
(305, 386): 1652
(997, 353): 1653
(337, 458): 1654
(530, 870): 1655
(263, 488): 1656
(350, 274): 1657
(306, 796): 1658
(295, 178): 1659
(304, 442): 1660
(32, 52): 1661
(326, 139): 1662
(693, 46): 1663
(411, 164): 1664
(435, 284): 1665
(168, 844): 1666
(550, 531): 1667
(297, 660): 1668
(174, 272): 1669
(404, 320): 1670
(305, 514): 1671
(824, 271): 1672
(173, 701): 1673
(305, 975): 1674
(305, 877): 1675
(367, 274): 1676
(277, 270): 1677
(681, 454): 1678
(268, 341): 1679
(375, 451): 1680
(446, 424): 1681
(259, 41): 1682
(380, 185): 1683
(326, 156): 1684
(316, 1121): 1685
(330, 161): 1686
(133, 310): 1687
(411, 185): 1688
(389, 149): 1689
(287, 504): 1690
(480, 1045): 1691
(327, 974): 1692
(309, 271): 1693
(285, 430): 1694
(327, 478): 1695
(267, 349): 1696
(381, 276): 1697
(276, 271): 1698
(483, 184): 1699
(675, 416): 1700
(339, 284): 1701
(387, 276): 1702
(306, 503): 1703
(311, 344): 1704
(1013, 271): 1705
(294, 285): 1706
(378, 298): 1707
(456, 271): 1708
(166, 331): 1709
(614, 301): 1710
(371, 275): 1711
(274, 680): 1712
(286, 284): 1713
(452, 1112): 1714
(604, 288): 1715
(936, 284): 1716
(308, 331): 1717
(383, 172): 1718
(300, 170): 1719
(407, 338): 1720
(430, 1549): 1721
(697, 1203): 1722
(337, 488): 1723
(267, 289): 1724
(342, 323): 1725
(1334, 281): 1726
(272, 341): 1727
(1074, 415): 1728
(146, 296): 1729
(336, 904): 1730
(268, 402): 1731
(602, 478): 1732
(326, 140): 1733
(355, 168): 1734
(328, 561): 1735
(270, 321): 1736
(263, 340): 1737
(267, 291): 1738
(380, 181): 1739
(287, 275): 1740
(293, 271): 1741
(332, 586): 1742
(311, 323): 1743
(262, 384): 1744
(269, 470): 1745
(537, 274): 1746
(281, 478): 1747
(297, 322): 1748
(1238, 406): 1749
(312, 622): 1750
(754, 349): 1751
(299, 382): 1752
(334, 281): 1753
(451, 172): 1754
(587, 275): 1755
(335, 536): 1756
(135, 649): 1757
(524, 292): 1758
(295, 154): 1759
(266, 354): 1760
(854, 317): 1761
(316, 1103): 1762
(602, 312): 1763
(435, 892): 1764
(262, 144): 1765
(316, 566): 1766
(291, 288): 1767
(1311, 940): 1768
(435, 358): 1769
(387, 322): 1770
(291, 358): 1771
(332, 429): 1772
(344, 488): 1773
(936, 270): 1774
(274, 351): 1775
(376, 393): 1776
(281, 1355): 1777
(578, 184): 1778
(972, 838): 1779
(1107, 338): 1780
(342, 811): 1781
(304, 272): 1782
(266, 667): 1783
(432, 149): 1784
(395, 1244): 1785
(1233, 270): 1786
(292, 272): 1787
(713, 753): 1788
(403, 576): 1789
(300, 134): 1790
(471, 298): 1791
(348, 185): 1792
(311, 270): 1793
(348, 174): 1794
(276, 307): 1795
(1712, 387): 1796
(181, 584): 1797
(335, 442): 1798
(419, 382): 1799
(335, 538): 1800
(263, 618): 1801
(515, 308): 1802
(402, 501): 1803
(391, 314): 1804
(366, 317): 1805
(271, 320): 1806
(269, 136): 1807
(316, 794): 1808
(288, 267): 1809
(327, 468): 1810
(263, 414): 1811
(1249, 257): 1812
(317, 1340): 1813
(398, 275): 1814
(329, 299): 1815
(49, 53): 1816
(343, 868): 1817
(430, 308): 1818
(422, 149): 1819
(269, 137): 1820
(425, 272): 1821
(331, 955): 1822
(299, 497): 1823
(307, 317): 1824
(302, 352): 1825
(305, 368): 1826
(343, 267): 1827
(342, 266): 1828
(658, 409): 1829
(464, 184): 1830
(342, 346): 1831
(168, 341): 1832
(270, 428): 1833
(286, 293): 1834
(381, 649): 1835
(729, 651): 1836
(389, 184): 1837
(168, 442): 1838
(306, 275): 1839
(421, 566): 1840
(264, 46): 1841
(291, 386): 1842
(455, 281): 1843
(615, 487): 1844
(340, 508): 1845
(614, 277): 1846
(1099, 275): 1847
(332, 1768): 1848
(462, 184): 1849
(454, 45): 1850
(370, 488): 1851
(279, 175): 1852
(340, 1527): 1853
(170, 536): 1854
(266, 677): 1855
(263, 431): 1856
(350, 267): 1857
(448, 317): 1858
(305, 358): 1859
(361, 275): 1860
(385, 755): 1861
(286, 429): 1862
(305, 1343): 1863
(264, 337): 1864
(271, 399): 1865
(142, 719): 1866
(317, 409): 1867
(747, 838): 1868
(49, 50): 1869
(268, 688): 1870
(328, 603): 1871
(316, 728): 1872
(397, 449): 1873
(403, 270): 1874
(392, 351): 1875
(925, 519): 1876
(49, 56): 1877
(289, 504): 1878
(389, 174): 1879
(884, 881): 1880
(146, 1276): 1881
(506, 45): 1882
(541, 437): 1883
(311, 340): 1884
(353, 291): 1885
(278, 178): 1886
(650, 469): 1887
(1049, 341): 1888
(279, 137): 1889
(380, 133): 1890
(343, 592): 1891
(268, 292): 1892
(168, 611): 1893
(374, 307): 1894
(306, 382): 1895
(505, 46): 1896
(514, 321): 1897
(403, 272): 1898
(151, 731): 1899
(670, 321): 1900
(451, 149): 1901
(402, 878): 1902
(300, 164): 1903
(1823, 317): 1904
(343, 320): 1905
(267, 645): 1906
(877, 457): 1907
(858, 441): 1908
(316, 911): 1909
(306, 516): 1910
(519, 341): 1911
(309, 1118): 1912
(364, 270): 1913
(142, 349): 1914
(484, 640): 1915
(270, 291): 1916
(168, 551): 1917
(292, 496): 1918
(1269, 804): 1919
(32, 53): 1920
(435, 373): 1921
(383, 185): 1922
(365, 291): 1923
(638, 299): 1924
(748, 495): 1925
(300, 176): 1926
(313, 406): 1927
(655, 314): 1928
(392, 710): 1929
(288, 415): 1930
(305, 1199): 1931
(446, 184): 1932
(385, 1208): 1933
(272, 367): 1934
(194, 173): 1935
(749, 565): 1936
(302, 755): 1937
(658, 310): 1938
(311, 277): 1939
(471, 390): 1940
(290, 319): 1941
(282, 425): 1942
(1419, 301): 1943
(289, 327): 1944
(278, 173): 1945
(326, 157): 1946
(466, 430): 1947
(272, 844): 1948
(471, 1214): 1949
(293, 422): 1950
(1656, 276): 1951
(263, 352): 1952
(266, 270): 1953
(540, 531): 1954
(271, 790): 1955
(454, 40): 1956
(739, 753): 1957
(371, 267): 1958
(456, 1005): 1959
(151, 277): 1960
(271, 292): 1961
(301, 327): 1962
(451, 185): 1963
(635, 1253): 1964
(267, 1251): 1965
(316, 1256): 1966
(854, 276): 1967
(511, 274): 1968
(170, 603): 1969
(454, 34): 1970
(1339, 318): 1971
(263, 45): 1972
(263, 366): 1973
(602, 419): 1974
(532, 318): 1975
(359, 468): 1976
(476, 291): 1977
(300, 182): 1978
(371, 320): 1979
(462, 149): 1980
(604, 332): 1981
(1072, 516): 1982
(427, 401): 1983
(170, 358): 1984
(489, 1443): 1985
(362, 292): 1986
(257, 168): 1987
(348, 424): 1988
(455, 283): 1989
(411, 172): 1990
(320, 363): 1991
(530, 980): 1992
(272, 289): 1993
(383, 149): 1994
(359, 286): 1995
(279, 136): 1996
(282, 289): 1997
(146, 500): 1998
(282, 482): 1999
(419, 503): 2000
(278, 161): 2001
(456, 1068): 2002
(316, 953): 2003
(416, 270): 2004
(368, 708): 2005
(387, 272): 2006
(483, 149): 2007
(397, 1190): 2008
(779, 272): 2009
(314, 1018): 2010
(421, 626): 2011
(181, 373): 2012
(336, 1078): 2013
(354, 752): 2014
(335, 788): 2015
(652, 317): 2016
(262, 165): 2017
(264, 343): 2018
(268, 260): 2019
(524, 1491): 2020
(330, 172): 2021
(263, 521): 2022
(487, 417): 2023
(537, 312): 2024
(10, 299): 2025
(342, 418): 2026
(272, 291): 2027
(717, 382): 2028
(931, 674): 2029
(621, 299): 2030
(367, 272): 2031
(330, 152): 2032
(464, 149): 2033
(282, 276): 2034
(579, 1646): 2035
(268, 370): 2036
(316, 281): 2037
(299, 292): 2038
(335, 603): 2039
(438, 649): 2040
(312, 375): 2041
(461, 327): 2042
(277, 817): 2043
(269, 735): 2044
(402, 731): 2045
(370, 357): 2046
(872, 284): 2047
(168, 603): 2048
(571, 272): 2049
(287, 320): 2050
(270, 852): 2051
(879, 276): 2052
(174, 561): 2053
(306, 274): 2054
(170, 874): 2055
(796, 291): 2056
(539, 474): 2057
(308, 849): 2058
(283, 317): 2059
(268, 1006): 2060
(300, 424): 2061
(762, 307): 2062
(335, 611): 2063
(270, 345): 2064
(350, 951): 2065
(621, 392): 2066
(271, 272): 2067
(302, 277): 2068
(328, 536): 2069
(694, 333): 2070
(296, 1603): 2071
(542, 346): 2072
(263, 41): 2073
(306, 616): 2074
(307, 308): 2075
(49, 49): 2076
(336, 281): 2077
(447, 149): 2078
(263, 463): 2079
(266, 530): 2080
(105, 110): 2081
(1085, 507): 2082
(331, 343): 2083
(272, 1236): 2084
(272, 442): 2085
(394, 355): 2086
(300, 151): 2087
(451, 164): 2088
(562, 315): 2089
(146, 382): 2090
(285, 429): 2091
(268, 331): 2092
(261, 463): 2093
(319, 172): 2094
(298, 285): 2095
(789, 267): 2096
(455, 1024): 2097
(1744, 363): 2098
(269, 173): 2099
(270, 572): 2100
(316, 889): 2101
(435, 504): 2102
(266, 352): 2103
(376, 408): 2104
(261, 618): 2105
(343, 608): 2106
(403, 307): 2107
(541, 285): 2108
(278, 579): 2109
(398, 476): 2110
(1076, 426): 2111
(374, 835): 2112
(293, 468): 2113
(705, 594): 2114
(316, 382): 2115
(342, 486): 2116
(446, 149): 2117
(593, 301): 2118
(296, 267): 2119
(287, 982): 2120
(443, 1145): 2121
(425, 773): 2122
(535, 445): 2123
(380, 164): 2124
(268, 263): 2125
(515, 983): 2126
(497, 318): 2127
(305, 290): 2128
(275, 1192): 2129
(489, 803): 2130
(406, 149): 2131
(422, 184): 2132
(1396, 323): 2133
(616, 1787): 2134
(300, 156): 2135
(295, 175): 2136
(335, 298): 2137
(259, 58): 2138
(372, 299): 2139
(377, 440): 2140
(879, 272): 2141
(400, 355): 2142
(422, 174): 2143
(311, 309): 2144
(1262, 1262): 2145
(1333, 299): 2146
(299, 448): 2147
(305, 1098): 2148
(387, 275): 2149
(408, 314): 2150
(292, 934): 2151
(513, 149): 2152
(473, 273): 2153
(575, 301): 2154
(344, 413): 2155
(713, 1239): 2156
(336, 294): 2157
(759, 48): 2158
(263, 530): 2159
(988, 732): 2160
(306, 561): 2161
(348, 168): 2162
(269, 175): 2163
(480, 368): 2164
(654, 1394): 2165
(513, 184): 2166
(266, 719): 2167
(638, 496): 2168
(293, 274): 2169
(281, 790): 2170
(376, 432): 2171
(159, 284): 2172
(686, 267): 2173
(466, 288): 2174
(335, 1025): 2175
(363, 444): 2176
(540, 474): 2177
(335, 341): 2178
(339, 363): 2179
(370, 349): 2180
(679, 584): 2181
(269, 391): 2182
(385, 518): 2183
(299, 333): 2184
(425, 563): 2185
(414, 318): 2186
(97, 110): 2187
(342, 293): 2188
(319, 174): 2189
(97, 100): 2190
(328, 358): 2191
(335, 307): 2192
(334, 309): 2193
(493, 40): 2194
(891, 797): 2195
(297, 523): 2196
(299, 428): 2197
(300, 166): 2198
(586, 310): 2199
(808, 331): 2200
(344, 284): 2201
(135, 267): 2202
(860, 1168): 2203
(1677, 281): 2204
(364, 292): 2205
(456, 444): 2206
(624, 281): 2207
(1520, 867): 2208
(335, 700): 2209
(582, 275): 2210
(441, 185): 2211
(411, 174): 2212
(368, 293): 2213
(364, 274): 2214
(654, 512): 2215
(342, 1700): 2216
(270, 1210): 2217
(271, 1038): 2218
(32, 39): 2219
(479, 1815): 2220
(1335, 10): 2221
(671, 284): 2222
(268, 397): 2223
(652, 291): 2224
(266, 41): 2225
(557, 333): 2226
(336, 813): 2227
(490, 916): 2228
(549, 591): 2229
(506, 40): 2230
(364, 638): 2231
(305, 1357): 2232
(332, 863): 2233
(32, 54): 2234
(270, 277): 2235
(306, 1087): 2236
(738, 277): 2237
(306, 750): 2238
(320, 414): 2239
(329, 264): 2240
(367, 277): 2241
(261, 630): 2242
(279, 666): 2243
(285, 310): 2244
(776, 1144): 2245
(305, 1183): 2246
(328, 1442): 2247
(350, 289): 2248
(341, 409): 2249
(364, 521): 2250
(172, 868): 2251
(336, 1225): 2252
(599, 267): 2253
(452, 275): 2254
(635, 1101): 2255
(336, 271): 2256
(276, 272): 2257
(267, 322): 2258
(1500, 762): 2259
(1158, 341): 2260
(333, 362): 2261
(549, 267): 2262
(646, 264): 2263
(539, 496): 2264
(737, 331): 2265
(331, 546): 2266
(323, 318): 2267
(845, 286): 2268
(316, 304): 2269
(50, 53): 2270
(266, 429): 2271
(267, 373): 2272
(907, 418): 2273
(488, 284): 2274
(343, 733): 2275
(1207, 1493): 2276
(456, 267): 2277
(525, 45): 2278
(613, 274): 2279
(305, 621): 2280
(266, 296): 2281
(436, 581): 2282
(510, 327): 2283
(287, 268): 2284
(168, 683): 2285
(449, 500): 2286
(1230, 867): 2287
(1440, 594): 2288
(2075, 1824): 2289
(147, 268): 2290
(263, 537): 2291
(289, 1036): 2292
(402, 277): 2293
(447, 184): 2294
(910, 322): 2295
(436, 271): 2296
(331, 342): 2297
(1080, 430): 2298
(293, 999): 2299
(488, 594): 2300
(579, 1059): 2301
(441, 172): 2302
(348, 164): 2303
(358, 283): 2304
(1217, 1217): 2305
(483, 174): 2306
(386, 1567): 2307
(1278, 405): 2308
(407, 591): 2309
(526, 184): 2310
(364, 267): 2311
(761, 591): 2312
(319, 185): 2313
(452, 267): 2314
(336, 274): 2315
(635, 1353): 2316
(355, 181): 2317
(328, 417): 2318
(114, 101): 2319
(387, 444): 2320
(490, 353): 2321
(267, 286): 2322
(403, 274): 2323
(312, 294): 2324
(313, 426): 2325
(299, 345): 2326
(432, 184): 2327
(328, 1721): 2328
(166, 428): 2329
(302, 323): 2330
(276, 584): 2331
(335, 367): 2332
(636, 320): 2333
(411, 168): 2334
(957, 339): 2335
(399, 268): 2336
(310, 280): 2337
(311, 430): 2338
(284, 467): 2339
(687, 1299): 2340
(263, 732): 2341
(303, 298): 2342
(272, 298): 2343
(271, 275): 2344
(301, 331): 2345
(274, 400): 2346
(168, 536): 2347
(403, 623): 2348
(49, 52): 2349
(285, 375): 2350
(377, 1032): 2351
(266, 463): 2352
(181, 841): 2353
(1193, 2286): 2354
(313, 318): 2355
(2304, 882): 2356
(674, 362): 2357
(354, 506): 2358
(684, 492): 2359
(311, 1786): 2360
(263, 1130): 2361
(306, 360): 2362
(160, 448): 2363
(271, 389): 2364
(533, 656): 2365
(362, 272): 2366
(306, 277): 2367
(909, 366): 2368
(151, 913): 2369
(404, 479): 2370
(406, 184): 2371
(269, 178): 2372
(299, 356): 2373
(361, 316): 2374
(404, 1892): 2375
(337, 738): 2376
(924, 653): 2377
(305, 322): 2378
(306, 301): 2379
(370, 724): 2380
(268, 375): 2381
(305, 267): 2382
(461, 603): 2383
(271, 390): 2384
(431, 1021): 2385
(510, 663): 2386
(312, 267): 2387
(764, 531): 2388
(317, 922): 2389
(664, 608): 2390
(273, 444): 2391
(347, 153): 2392
(270, 705): 2393
(344, 848): 2394
(714, 48): 2395
(472, 1628): 2396
(970, 1073): 2397
(320, 474): 2398
(142, 289): 2399
(359, 332): 2400
(464, 133): 2401
(300, 993): 2402
(564, 600): 2403
(285, 323): 2404
(274, 1141): 2405
(518, 323): 2406
(318, 287): 2407
(281, 275): 2408
(297, 278): 2409
(271, 270): 2410
(297, 665): 2411
(277, 907): 2412
(370, 319): 2413
(845, 727): 2414
(316, 363): 2415
(624, 377): 2416
(526, 149): 2417
(316, 587): 2418
(363, 323): 2419
(289, 267): 2420
(301, 429): 2421
(331, 292): 2422
(417, 392): 2423
(146, 558): 2424
(370, 386): 2425
(311, 462): 2426
(1522, 428): 2427
(337, 1430): 2428
(539, 531): 2429
(299, 274): 2430
(268, 395): 2431
(447, 185): 2432
(464, 168): 2433
(379, 500): 2434
(438, 298): 2435
(378, 1595): 2436
(270, 1977): 2437
(311, 274): 2438
(320, 333): 2439
(836, 303): 2440
(272, 264): 2441
(341, 270): 2442
(49, 54): 2443
(305, 890): 2444
(550, 458): 2445
(379, 301): 2446
(403, 271): 2447
(288, 512): 2448
(379, 497): 2449
(864, 277): 2450
(562, 445): 2451
(441, 174): 2452
(292, 1094): 2453
(564, 272): 2454
(386, 950): 2455
(633, 468): 2456
(285, 309): 2457
(337, 1055): 2458
(299, 304): 2459
(288, 1534): 2460
(266, 45): 2461
(461, 536): 2462
(258, 138): 2463
(418, 409): 2464
(1227, 1101): 2465
(300, 135): 2466
(276, 1070): 2467
(535, 904): 2468
(1715, 321): 2469
(268, 1705): 2470
(266, 1148): 2471
(972, 1632): 2472
(181, 1055): 2473
(335, 293): 2474
(447, 164): 2475
(152, 469): 2476
(1060, 2357): 2477
(384, 1152): 2478
(49, 55): 2479
(358, 935): 2480
(1322, 267): 2481
(302, 273): 2482
(318, 294): 2483
(855, 291): 2484
(380, 135): 2485
(403, 392): 2486
(418, 2260): 2487
(336, 1266): 2488
(300, 391): 2489
(369, 314): 2490
(606, 681): 2491
(270, 799): 2492
(396, 487): 2493
(289, 353): 2494
(337, 1389): 2495
(397, 1172): 2496
(289, 320): 2497
(378, 340): 2498
(379, 1033): 2499
(548, 322): 2500
(978, 449): 2501
(569, 317): 2502
(124, 10): 2503
(381, 289): 2504
(521, 184): 2505
(1885, 346): 2506
(359, 437): 2507
(298, 274): 2508
(932, 740): 2509
(289, 274): 2510
(436, 366): 2511
(166, 1190): 2512
(336, 563): 2513
(266, 618): 2514
(288, 276): 2515
(1364, 1235): 2516
(785, 333): 2517
(612, 921): 2518
(480, 276): 2519
(282, 556): 2520
(327, 534): 2521
(2490, 448): 2522
(381, 310): 2523
(343, 416): 2524
(315, 133): 2525
(543, 361): 2526
(607, 284): 2527
(257, 169): 2528
(430, 383): 2529
(297, 929): 2530
(342, 767): 2531
(355, 133): 2532
(625, 272): 2533
(495, 286): 2534
(316, 448): 2535
(289, 317): 2536
(389, 172): 2537
(378, 271): 2538
(372, 482): 2539
(346, 321): 2540
(316, 1274): 2541
(408, 288): 2542
(306, 802): 2543
(268, 272): 2544
(1306, 652): 2545
(489, 1018): 2546
(604, 437): 2547
(111, 109): 2548
(470, 184): 2549
(331, 294): 2550
(268, 514): 2551
(267, 455): 2552
(730, 351): 2553
(313, 752): 2554
(317, 947): 2555
(557, 410): 2556
(533, 719): 2557
(344, 358): 2558
(272, 301): 2559
(316, 458): 2560
(1167, 454): 2561
(381, 309): 2562
(909, 881): 2563
(441, 168): 2564
(564, 375): 2565
(729, 453): 2566
(590, 271): 2567
(259, 39): 2568
(263, 501): 2569
(430, 267): 2570
(436, 365): 2571
(333, 291): 2572
(374, 605): 2573
(1005, 289): 2574
(176, 743): 2575
(266, 630): 2576
(267, 1007): 2577
(389, 424): 2578
(279, 173): 2579
(404, 1450): 2580
(1085, 922): 2581
(385, 1086): 2582
(681, 1593): 2583
(273, 678): 2584
(271, 338): 2585
(394, 319): 2586
(370, 1789): 2587
(309, 948): 2588
(456, 268): 2589
(275, 296): 2590
(265, 160): 2591
(696, 272): 2592
(268, 435): 2593
(464, 174): 2594
(316, 475): 2595
(293, 308): 2596
(490, 873): 2597
(526, 174): 2598
(389, 185): 2599
(334, 307): 2600
(360, 905): 2601
(32, 55): 2602
(1750, 323): 2603
(452, 2259): 2604
(1053, 323): 2605
(464, 172): 2606
(385, 1305): 2607
(399, 620): 2608
(49, 51): 2609
(32, 56): 2610
(352, 399): 2611
(495, 308): 2612
(150, 1965): 2613
(289, 858): 2614
(432, 172): 2615
(411, 1064): 2616
(348, 181): 2617
(379, 271): 2618
(411, 181): 2619
(311, 563): 2620
(593, 390): 2621
(486, 723): 2622
(288, 289): 2623
(419, 284): 2624
(168, 298): 2625
(316, 554): 2626
(330, 185): 2627
(678, 388): 2628
(267, 305): 2629
(309, 314): 2630
(273, 289): 2631
(282, 549): 2632
(282, 309): 2633
(768, 353): 2634
(300, 384): 2635
(824, 1372): 2636
(267, 728): 2637
(281, 302): 2638
(148, 307): 2639
(372, 276): 2640
(343, 284): 2641
(989, 409): 2642
(2019, 2476): 2643
(291, 293): 2644
(10, 482): 2645
(379, 622): 2646
(1160, 281): 2647
(226, 130): 2648
(784, 331): 2649
(267, 393): 2650
(511, 345): 2651
(346, 353): 2652
(396, 341): 2653
(264, 342): 2654
(166, 449): 2655
(295, 137): 2656
(306, 653): 2657
(394, 269): 2658
(655, 321): 2659
(306, 267): 2660
(170, 392): 2661
(270, 595): 2662
(266, 414): 2663
(312, 273): 2664
(511, 341): 2665
(337, 1472): 2666
(435, 274): 2667
(303, 338): 2668
(315, 181): 2669
(417, 312): 2670
(296, 327): 2671
(363, 274): 2672
(297, 528): 2673
(268, 815): 2674
(1708, 1306): 2675
(262, 579): 2676
(1592, 318): 2677
(270, 341): 2678
(308, 317): 2679
(428, 272): 2680
(297, 268): 2681
(299, 492): 2682
(135, 298): 2683
(565, 291): 2684
(311, 930): 2685
(378, 272): 2686
(272, 351): 2687
(1344, 800): 2688
(371, 272): 2689
(845, 829): 2690
(462, 174): 2691
(573, 327): 2692
(367, 565): 2693
(317, 264): 2694
(390, 267): 2695
(939, 331): 2696
(335, 844): 2697
(690, 292): 2698
(730, 1947): 2699
(337, 1002): 2700
(774, 267): 2701
(358, 272): 2702
(1071, 1557): 2703
(370, 496): 2704
(614, 296): 2705
(270, 358): 2706
(402, 323): 2707
(457, 293): 2708
(515, 367): 2709
(533, 294): 2710
(336, 652): 2711
(291, 652): 2712
(263, 558): 2713
(287, 270): 2714
(328, 517): 2715
(364, 281): 2716
(336, 807): 2717
(313, 268): 2718
(343, 289): 2719
(1450, 276): 2720
(279, 178): 2721
(827, 386): 2722
(627, 319): 2723
(552, 149): 2724
(483, 181): 2725
(1229, 298): 2726
(361, 305): 2727
(176, 340): 2728
(287, 517): 2729
(272, 276): 2730
(571, 600): 2731
(1069, 1301): 2732
(274, 264): 2733
(272, 1066): 2734
(384, 1573): 2735
(343, 520): 2736
(416, 308): 2737
(343, 271): 2738
(537, 1583): 2739
(716, 332): 2740
(170, 449): 2741
(329, 286): 2742
(335, 302): 2743
(270, 294): 2744
(795, 1813): 2745
(273, 581): 2746
(1201, 1326): 2747
(406, 174): 2748
(368, 1168): 2749
(1105, 742): 2750
(268, 288): 2751
(398, 696): 2752
(367, 286): 2753
(521, 149): 2754
(385, 1331): 2755
(423, 133): 2756
(329, 660): 2757
(383, 133): 2758
(288, 351): 2759
(380, 182): 2760
(423, 168): 2761
(348, 133): 2762
(316, 350): 2763
(135, 294): 2764
(457, 429): 2765
(278, 391): 2766
(568, 284): 2767
(372, 289): 2768
(394, 494): 2769
(154, 1145): 2770
(274, 451): 2771
(297, 473): 2772
(513, 174): 2773
(456, 360): 2774
(612, 1425): 2775
(134, 1112): 2776
(276, 322): 2777
(1566, 1091): 2778
(798, 303): 2779
(152, 866): 2780
(351, 1255): 2781
(329, 761): 2782
(1673, 1147): 2783
(288, 426): 2784
(1085, 460): 2785
(404, 576): 2786
(806, 904): 2787
(493, 45): 2788
(305, 608): 2789
(540, 458): 2790
(335, 2110): 2791
(266, 323): 2792
(409, 361): 2793
(259, 618): 2794
(318, 353): 2795
(286, 428): 2796
(10, 276): 2797
(336, 455): 2798
(515, 288): 2799
(590, 307): 2800
(299, 291): 2801
(533, 1014): 2802
(268, 427): 2803
(289, 702): 2804
(257, 171): 2805
(1182, 1415): 2806
(401, 626): 2807
(316, 267): 2808
(366, 2502): 2809
(329, 657): 2810
(401, 566): 2811
(282, 320): 2812
(1286, 638): 2813
(304, 324): 2814
(441, 181): 2815
(268, 443): 2816
(295, 150): 2817
(422, 172): 2818
(337, 590): 2819
(270, 841): 2820
(335, 1373): 2821
(403, 276): 2822
(535, 600): 2823
(142, 1289): 2824
(362, 341): 2825
(350, 349): 2826
(539, 418): 2827
(1270, 1203): 2828
(278, 159): 2829
(438, 1022): 2830
(900, 323): 2831
(635, 2174): 2832
(173, 594): 2833
(327, 1379): 2834
(270, 772): 2835
(539, 458): 2836
(613, 318): 2837
(497, 281): 2838
(320, 283): 2839
(316, 717): 2840
(2648, 185): 2841
(10, 289): 2842
(599, 331): 2843
(310, 274): 2844
(379, 646): 2845
(379, 363): 2846
(381, 1382): 2847
(306, 642): 2848
(342, 354): 2849
(342, 345): 2850
(337, 1267): 2851
(798, 637): 2852
(272, 293): 2853
(303, 833): 2854
(423, 181): 2855
(417, 286): 2856
(312, 311): 2857
(1028, 323): 2858
(270, 873): 2859
(427, 1039): 2860
(336, 1243): 2861
(258, 1618): 2862
(395, 293): 2863
(635, 351): 2864
(704, 887): 2865
(588, 270): 2866
(263, 517): 2867
(2624, 742): 2868
(449, 291): 2869
(305, 1036): 2870
(1233, 467): 2871
(1413, 1413): 2872
(837, 1038): 2873
(317, 400): 2874
(52, 48): 2875
(628, 311): 2876
(288, 2419): 2877
(593, 1214): 2878
(781, 315): 2879
(395, 608): 2880
(135, 799): 2881
(436, 267): 2882
(384, 1208): 2883
(1375, 1045): 2884
(372, 425): 2885
(487, 272): 2886
(486, 267): 2887
(133, 652): 2888
(1624, 1513): 2889
(619, 685): 2890
(278, 171): 2891
(370, 771): 2892
(395, 292): 2893
(371, 439): 2894
(446, 172): 2895
(185, 811): 2896
(730, 1101): 2897
(346, 398): 2898
(285, 366): 2899
(504, 317): 2900
(617, 184): 2901
(343, 1620): 2902
(341, 1456): 2903
(308, 375): 2904
(1221, 870): 2905
(305, 858): 2906
(562, 600): 2907
(370, 561): 2908
(361, 303): 2909
(343, 433): 2910
(407, 494): 2911
(740, 341): 2912
(263, 34): 2913
(1433, 922): 2914
(364, 299): 2915
(149, 889): 2916
(519, 1241): 2917
(1729, 363): 2918
(175, 308): 2919
(300, 154): 2920
(302, 444): 2921
(275, 417): 2922
(317, 267): 2923
(305, 1351): 2924
(266, 455): 2925
(860, 2712): 2926
(266, 520): 2927
(274, 442): 2928
(97, 114): 2929
(420, 184): 2930
(272, 1265): 2931
(1555, 432): 2932
(46, 53): 2933
(295, 485): 2934
(337, 320): 2935
(291, 388): 2936
(385, 1532): 2937
(376, 506): 2938
(267, 440): 2939
(379, 302): 2940
(299, 1503): 2941
(263, 44): 2942
(364, 649): 2943
(267, 526): 2944
(342, 304): 2945
(293, 286): 2946
(389, 133): 2947
(1099, 967): 2948
(271, 312): 2949
(2835, 1404): 2950
(1151, 405): 2951
(441, 164): 2952
(326, 141): 2953
(288, 317): 2954
(497, 408): 2955
(393, 802): 2956
(337, 1210): 2957
(473, 294): 2958
(508, 277): 2959
(1358, 577): 2960
(32, 57): 2961
(713, 804): 2962
(722, 184): 2963
(588, 538): 2964
(46, 46): 2965
(1113, 380): 2966
(385, 1773): 2967
(2637, 2238): 2968
(367, 267): 2969
(342, 1887): 2970
(427, 672): 2971
(149, 915): 2972
(268, 472): 2973
(364, 310): 2974
(1346, 621): 2975
(277, 313): 2976
(101, 114): 2977
(1726, 577): 2978
(576, 357): 2979
(277, 338): 2980
(455, 724): 2981
(359, 672): 2982
(379, 1588): 2983
(150, 1349): 2984
(464, 181): 2985
(363, 272): 2986
(977, 291): 2987
(44, 2158): 2988
(403, 289): 2989
(549, 285): 2990
(281, 317): 2991
(32, 968): 2992
(473, 975): 2993
(150, 360): 2994
(1907, 346): 2995
(300, 136): 2996
(32, 1131): 2997
(661, 1014): 2998
(50, 52): 2999
(299, 317): 3000
(1031, 568): 3001
(545, 906): 3002
(427, 407): 3003
(10, 425): 3004
(552, 184): 3005
(287, 869): 3006
(316, 520): 3007
(498, 294): 3008
(168, 663): 3009
(476, 415): 3010
(1426, 1032): 3011
(359, 1142): 3012
(487, 276): 3013
(287, 277): 3014
(1135, 276): 3015
(293, 277): 3016
(1176, 394): 3017
(276, 318): 3018
(272, 400): 3019
(747, 675): 3020
(311, 292): 3021
(172, 320): 3022
(978, 653): 3023
(597, 301): 3024
(1221, 980): 3025
(305, 367): 3026
(795, 1868): 3027
(340, 430): 3028
(388, 622): 3029
(617, 149): 3030
(1562, 1060): 3031
(300, 142): 3032
(346, 866): 3033
(275, 268): 3034
(557, 2179): 3035
(393, 296): 3036
(442, 268): 3037
(1973, 742): 3038
(475, 299): 3039
(328, 1478): 3040
(535, 272): 3041
(305, 329): 3042
(288, 469): 3043
(831, 283): 3044
(328, 648): 3045
(306, 1421): 3046
(787, 372): 3047
(556, 775): 3048
(364, 268): 3049
(257, 170): 3050
(866, 883): 3051
(389, 168): 3052
(275, 947): 3053
(540, 418): 3054
(368, 925): 3055
(50, 49): 3056
(288, 302): 3057
(373, 602): 3058
(275, 271): 3059
(560, 771): 3060
(389, 181): 3061
(395, 358): 3062
(293, 437): 3063
(497, 270): 3064
(97, 32): 3065
(343, 1314): 3066
(307, 642): 3067
(267, 285): 3068
(614, 382): 3069
(1155, 2623): 3070
(175, 1594): 3071
(411, 133): 3072
(1984, 426): 3073
(310, 358): 3074
(344, 1716): 3075
(285, 869): 3076
(272, 1362): 3077
(1043, 285): 3078
(286, 689): 3079
(299, 296): 3080
(614, 500): 3081
(1891, 699): 3082
(715, 449): 3083
(335, 1366): 3084
(1279, 2299): 3085
(267, 333): 3086
(478, 426): 3087
(299, 503): 3088
(547, 321): 3089
(337, 2151): 3090
(631, 332): 3091
(274, 622): 3092
(744, 505): 3093
(443, 2289): 3094
(329, 538): 3095
(135, 349): 3096
(146, 2186): 3097
(633, 286): 3098
(185, 767): 3099
(270, 467): 3100
(374, 1511): 3101
(343, 948): 3102
(305, 313): 3103
(305, 301): 3104
(297, 657): 3105
(288, 941): 3106
(483, 133): 3107
(273, 518): 3108
(337, 546): 3109
(256, 143): 3110
(337, 608): 3111
(762, 289): 3112
(278, 891): 3113
(666, 299): 3114
(166, 1172): 3115
(772, 353): 3116
(1584, 313): 3117
(364, 517): 3118
(687, 433): 3119
(350, 382): 3120
(316, 360): 3121
(182, 284): 3122
(380, 384): 3123
(327, 455): 3124
(739, 1239): 3125
(1066, 3000): 3126
(279, 470): 3127
(1178, 318): 3128
(530, 658): 3129
(440, 494): 3130
(1068, 448): 3131
(310, 268): 3132
(291, 772): 3133
(388, 2693): 3134
(1181, 321): 3135
(320, 357): 3136
(462, 172): 3137
(455, 317): 3138
(403, 268): 3139
(370, 912): 3140
(304, 309): 3141
(335, 416): 3142
(383, 168): 3143
(275, 274): 3144
(276, 387): 3145
(395, 872): 3146
(714, 57): 3147
(516, 360): 3148
(319, 181): 3149
(328, 281): 3150
(1844, 280): 3151
(479, 433): 3152
(1433, 947): 3153
(337, 705): 3154
(519, 333): 3155
(715, 742): 3156
(462, 133): 3157
(432, 174): 3158
(334, 340): 3159
(337, 267): 3160
(1778, 621): 3161
(265, 152): 3162
(659, 149): 3163
(185, 357): 3164
(264, 402): 3165
(272, 577): 3166
(297, 597): 3167
(333, 441): 3168
(310, 517): 3169
(151, 284): 3170
(1333, 267): 3171
(281, 376): 3172
(773, 285): 3173
(343, 1672): 3174
(271, 453): 3175
(268, 893): 3176
(401, 734): 3177
(264, 677): 3178
(1187, 301): 3179
(337, 327): 3180
(423, 1202): 3181
(462, 168): 3182
(50, 50): 3183
(328, 283): 3184
(380, 170): 3185
(261, 34): 3186
(693, 323): 3187
(271, 543): 3188
(420, 149): 3189
(814, 934): 3190
(438, 1796): 3191
(738, 317): 3192
(397, 547): 3193
(424, 184): 3194
(339, 341): 3195
(271, 771): 3196
(359, 657): 3197
(328, 608): 3198
(302, 819): 3199
(97, 116): 3200
(1923, 353): 3201
(432, 168): 3202
(54, 48): 3203
(335, 695): 3204
(397, 1260): 3205
(263, 298): 3206
(295, 173): 3207
(379, 1586): 3208
(819, 281): 3209
(293, 369): 3210
(263, 630): 3211
(573, 450): 3212
(435, 899): 3213
(362, 717): 3214
(533, 273): 3215
(320, 479): 3216
(271, 286): 3217
(541, 287): 3218
(443, 1030): 3219
(328, 1951): 3220
(1224, 583): 3221
(276, 889): 3222
(329, 672): 3223
(312, 341): 3224
(571, 375): 3225
(573, 610): 3226
(933, 913): 3227
(473, 299): 3228
(285, 521): 3229
(735, 267): 3230
(287, 1875): 3231
(467, 290): 3232
(1805, 674): 3233
(400, 812): 3234
(444, 290): 3235
(278, 666): 3236
(456, 276): 3237
(306, 358): 3238
(558, 267): 3239
(1476, 311): 3240
(272, 371): 3241
(389, 993): 3242
(492, 286): 3243
(342, 496): 3244
(587, 408): 3245
(518, 291): 3246
(310, 341): 3247
(329, 1480): 3248
(278, 136): 3249
(1418, 1168): 3250
(434, 267): 3251
(427, 286): 3252
(550, 474): 3253
(519, 318): 3254
(625, 284): 3255
(979, 935): 3256
(352, 607): 3257
(374, 1777): 3258
(532, 408): 3259
(329, 756): 3260
(264, 689): 3261
(483, 172): 3262
(264, 336): 3263
(316, 416): 3264
(469, 803): 3265
(309, 284): 3266
(335, 270): 3267
(276, 839): 3268
(380, 134): 3269
(268, 686): 3270
(261, 44): 3271
(524, 544): 3272
(765, 1662): 3273
(383, 174): 3274
(344, 1247): 3275
(312, 445): 3276
(1042, 399): 3277
(289, 288): 3278
(477, 292): 3279
(400, 357): 3280
(678, 284): 3281
(604, 453): 3282
(594, 433): 3283
(380, 176): 3284
(56, 48): 3285
(1048, 317): 3286
(480, 352): 3287
(305, 2056): 3288
(461, 611): 3289
(459, 341): 3290
(550, 418): 3291
(367, 508): 3292
(316, 1497): 3293
(269, 579): 3294
(270, 1038): 3295
(472, 501): 3296
(726, 603): 3297
(1334, 536): 3298
(313, 609): 3299
(371, 352): 3300
(438, 846): 3301
(627, 450): 3302
(335, 390): 3303
(397, 263): 3304
(337, 1176): 3305
(575, 267): 3306
(296, 430): 3307
(2043, 460): 3308
(1434, 583): 3309
(479, 387): 3310
(336, 667): 3311
(291, 345): 3312
(297, 672): 3313
(706, 433): 3314
(384, 1086): 3315
(316, 327): 3316
(442, 272): 3317
(313, 267): 3318
(593, 298): 3319
(530, 2062): 3320
(302, 2032): 3321
(855, 415): 3322
(432, 185): 3323
(418, 288): 3324
(1216, 583): 3325
(309, 267): 3326
(312, 298): 3327
(659, 184): 3328
(3235, 952): 3329
(50, 51): 3330
(282, 270): 3331
(483, 168): 3332
(355, 170): 3333
(370, 977): 3334
(467, 2022): 3335
(601, 292): 3336
(371, 289): 3337
(297, 2028): 3338
(395, 274): 3339
(397, 362): 3340
(316, 1645): 3341
(430, 651): 3342
(1173, 394): 3343
(421, 266): 3344
(306, 410): 3345
(404, 783): 3346
(348, 142): 3347
(358, 3058): 3348
(344, 892): 3349
(378, 273): 3350
(257, 172): 3351
(407, 267): 3352
(436, 310): 3353
(336, 969): 3354
(395, 388): 3355
(133, 623): 3356
(279, 579): 3357
(476, 2899): 3358
(519, 277): 3359
(334, 320): 3360
(342, 1732): 3361
(1338, 838): 3362
(411, 137): 3363
(263, 354): 3364
(338, 299): 3365
(320, 341): 3366
(959, 363): 3367
(147, 281): 3368
(111, 110): 3369
(305, 415): 3370
(446, 174): 3371
(344, 276): 3372
(596, 301): 3373
(590, 289): 3374
(274, 667): 3375
(1775, 3216): 3376
(364, 275): 3377
(305, 271): 3378
(337, 1822): 3379
(304, 292): 3380
(305, 520): 3381
(464, 170): 3382
(340, 565): 3383
(341, 301): 3384
(310, 648): 3385
(329, 670): 3386
(293, 327): 3387
(438, 360): 3388
(304, 275): 3389
(320, 811): 3390
(256, 157): 3391
(1563, 1271): 3392
(447, 172): 3393
(315, 134): 3394
(637, 184): 3395
(706, 1299): 3396
(274, 298): 3397
(383, 424): 3398
(1670, 274): 3399
(1964, 276): 3400
(2667, 908): 3401
(282, 272): 3402
(422, 168): 3403
(1104, 2917): 3404
(342, 780): 3405
(359, 308): 3406
(862, 388): 3407
(1093, 301): 3408
(725, 322): 3409
(305, 459): 3410
(363, 280): 3411
(331, 335): 3412
(637, 149): 3413
(1020, 784): 3414
(730, 2010): 3415
(2216, 513): 3416
(402, 2159): 3417
(260, 2833): 3418
(716, 372): 3419
(785, 286): 3420
(1651, 323): 3421
(270, 372): 3422
(344, 373): 3423
(334, 276): 3424
(891, 2465): 3425
(336, 551): 3426
(351, 538): 3427
(319, 133): 3428
(309, 868): 3429
(292, 311): 3430
(578, 149): 3431
(167, 740): 3432
(860, 2098): 3433
(348, 134): 3434
(1763, 308): 3435
(498, 299): 3436
(363, 512): 3437
(395, 2348): 3438
(988, 312): 3439
(1991, 495): 3440
(370, 340): 3441
(480, 292): 3442
(394, 357): 3443
(267, 3139): 3444
(316, 1070): 3445
(336, 623): 3446
(884, 810): 3447
(331, 379): 3448
(343, 502): 3449
(382, 281): 3450
(284, 450): 3451
(289, 268): 3452
(303, 688): 3453
(484, 367): 3454
(289, 270): 3455
(2393, 923): 3456
(370, 982): 3457
(257, 174): 3458
(323, 577): 3459
(635, 921): 3460
(50, 54): 3461
(279, 171): 3462
(332, 1480): 3463
(32, 639): 3464
(436, 270): 3465
(41, 58): 3466
(304, 500): 3467
(376, 318): 3468
(387, 415): 3469
(1240, 288): 3470
(714, 53): 3471
(594, 2050): 3472
(706, 1968): 3473
(569, 345): 3474
(765, 272): 3475
(329, 514): 3476
(400, 494): 3477
(257, 175): 3478
(337, 1692): 3479
(664, 1368): 3480
(368, 1445): 3481
(698, 149): 3482
(343, 275): 3483
(604, 1736): 3484
(306, 478): 3485
(1024, 351): 3486
(456, 274): 3487
(1236, 267): 3488
(367, 291): 3489
(594, 362): 3490
(342, 1337): 3491
(329, 595): 3492
(1195, 2470): 3493
(3029, 291): 3494
(573, 442): 3495
(901, 1813): 3496
(267, 1265): 3497
(1076, 1799): 3498
(592, 363): 3499
(422, 185): 3500
(297, 510): 3501
(50, 56): 3502
(480, 344): 3503
(671, 608): 3504
(353, 429): 3505
(342, 1359): 3506
(272, 375): 3507
(263, 648): 3508
(400, 529): 3509
(154, 1030): 3510
(276, 628): 3511
(464, 185): 3512
(1277, 611): 3513
(258, 155): 3514
(288, 323): 3515
(378, 1289): 3516
(438, 558): 3517
(479, 353): 3518
(478, 609): 3519
(380, 151): 3520
(411, 897): 3521
(149, 458): 3522
(297, 535): 3523
(1000, 267): 3524
(627, 327): 3525
(796, 1147): 3526
(374, 271): 3527
(1137, 274): 3528
(540, 496): 3529
(135, 440): 3530
(264, 1454): 3531
(451, 168): 3532
(489, 413): 3533
(109, 111): 3534
(182, 892): 3535
(1718, 1385): 3536
(456, 272): 3537
(411, 134): 3538
(260, 142): 3539
(1619, 274): 3540
(556, 349): 3541
(592, 699): 3542
(294, 332): 3543
(1209, 440): 3544
(462, 181): 3545
(488, 2261): 3546
(703, 386): 3547
(266, 962): 3548
(527, 448): 3549
(432, 181): 3550
(389, 164): 3551
(1619, 649): 3552
(258, 165): 3553
(676, 442): 3554
(676, 298): 3555
(182, 358): 3556
(1647, 1141): 3557
(293, 268): 3558
(173, 367): 3559
(373, 267): 3560
(484, 2031): 3561
(456, 301): 3562
(1155, 271): 3563
(406, 172): 3564
(174, 503): 3565
(370, 504): 3566
(3472, 271): 3567
(305, 508): 3568
(1134, 10): 3569
(484, 1281): 3570
(590, 276): 3571
(263, 455): 3572
(355, 134): 3573
(1653, 272): 3574
(137, 555): 3575
(613, 275): 3576
(359, 493): 3577
(2104, 2273): 3578
(282, 452): 3579
(673, 308): 3580
(422, 133): 3581
(348, 960): 3582
(331, 346): 3583
(400, 269): 3584
(1902, 1752): 3585
(176, 488): 3586
(267, 276): 3587
(371, 281): 3588
(308, 353): 3589
(299, 703): 3590
(350, 281): 3591
(306, 2002): 3592
(317, 441): 3593
(286, 863): 3594
(270, 327): 3595
(267, 367): 3596
(257, 173): 3597
(704, 1614): 3598
(572, 319): 3599
(272, 338): 3600
(826, 315): 3601
(316, 1471): 3602
(596, 559): 3603
(406, 133): 3604
(323, 275): 3605
(394, 812): 3606
(422, 181): 3607
(283, 387): 3608
(1556, 1073): 3609
(266, 568): 3610
(1374, 363): 3611
(2688, 287): 3612
(385, 448): 3613
(436, 272): 3614
(383, 164): 3615
(712, 2516): 3616
(307, 950): 3617
(307, 284): 3618
(473, 736): 3619
(453, 299): 3620
(297, 415): 3621
(343, 695): 3622
(564, 268): 3623
(1077, 459): 3624
(362, 1136): 3625
(674, 1392): 3626
(362, 386): 3627
(1191, 717): 3628
(576, 1061): 3629
(306, 341): 3630
(386, 2224): 3631
(541, 332): 3632
(690, 413): 3633
(490, 293): 3634
(317, 587): 3635
(602, 512): 3636
(1857, 274): 3637
(378, 1014): 3638
(397, 1125): 3639
(336, 299): 3640
(375, 493): 3641
(2548, 101): 3642
(285, 392): 3643
(343, 281): 3644
(456, 289): 3645
(914, 1103): 3646
(1652, 1567): 3647
(263, 962): 3648
(728, 1065): 3649
(172, 1385): 3650
(380, 156): 3651
(306, 2030): 3652
(271, 276): 3653
(453, 482): 3654
(717, 281): 3655
(1324, 318): 3656
(406, 181): 3657
(340, 267): 3658
(406, 185): 3659
(470, 149): 3660
(614, 1276): 3661
(1459, 363): 3662
(363, 314): 3663
(575, 288): 3664
(342, 1023): 3665
(340, 598): 3666
(138, 307): 3667
(302, 692): 3668
(499, 353): 3669
(384, 1795): 3670
(397, 417): 3671
(381, 2739): 3672
(483, 185): 3673
(1402, 468): 3674
(305, 288): 3675
(371, 430): 3676
(571, 270): 3677
(49, 46): 3678
(393, 599): 3679
(264, 370): 3680
(521, 174): 3681
(1390, 381): 3682
(271, 409): 3683
(270, 1226): 3684
(1481, 317): 3685
(166, 514): 3686
(1181, 314): 3687
(267, 274): 3688
(1894, 950): 3689
(1489, 1024): 3690
(375, 323): 3691
(267, 454): 3692
(170, 569): 3693
(154, 964): 3694
(49, 759): 3695
(166, 2065): 3696
(302, 3281): 3697
(1110, 603): 3698
(2115, 281): 3699
(543, 548): 3700
(344, 934): 3701
(263, 500): 3702
(619, 1087): 3703
(293, 657): 3704
(50, 46): 3705
(443, 752): 3706
(359, 271): 3707
(344, 1018): 3708
(329, 786): 3709
(1111, 57): 3710
(1156, 312): 3711
(2128, 1260): 3712
(345, 308): 3713
(299, 320): 3714
(272, 268): 3715
(1323, 284): 3716
(331, 328): 3717
(311, 982): 3718
(274, 448): 3719
(494, 299): 3720
(312, 316): 3721
(525, 34): 3722
(843, 863): 3723
(438, 773): 3724
(335, 285): 3725
(266, 34): 3726
(335, 1576): 3727
(698, 184): 3728
(264, 385): 3729
(1377, 268): 3730
(346, 1128): 3731
(337, 1961): 3732
(1310, 382): 3733
(1783, 307): 3734
(686, 2024): 3735
(336, 2134): 3736
(293, 493): 3737
(329, 341): 3738
(172, 267): 3739
(316, 995): 3740
(368, 1281): 3741
(290, 357): 3742
(50, 55): 3743
(567, 296): 3744
(596, 267): 3745
(768, 432): 3746
(274, 2017): 3747
(328, 867): 3748
(374, 1130): 3749
(1545, 286): 3750
(144, 268): 3751
(1572, 416): 3752
(181, 1267): 3753
(1204, 268): 3754
(1390, 467): 3755
(1652, 2224): 3756
(362, 274): 3757
(287, 289): 3758
(407, 269): 3759
(299, 553): 3760
(392, 291): 3761
(304, 1271): 3762
(374, 563): 3763
(436, 289): 3764
(373, 1132): 3765
(560, 1154): 3766
(291, 640): 3767
(1489, 724): 3768
(276, 911): 3769
(272, 955): 3770
(901, 1868): 3771
(2705, 281): 3772
(346, 287): 3773
(170, 382): 3774
(446, 185): 3775
(932, 288): 3776
(375, 280): 3777
(399, 46): 3778
(285, 649): 3779
(338, 482): 3780
(638, 274): 3781
(41, 10): 3782
(526, 172): 3783
(403, 299): 3784
(1195, 840): 3785
(340, 1145): 3786
(510, 2968): 3787
(300, 137): 3788
(542, 849): 3789
(1025, 923): 3790
(337, 1062): 3791
(308, 316): 3792
(1812, 175): 3793
(614, 558): 3794
(917, 651): 3795
(1015, 2889): 3796
(424, 149): 3797
(374, 344): 3798
(556, 294): 3799
(271, 289): 3800
(260, 182): 3801
(292, 367): 3802
(447, 168): 3803
(275, 290): 3804
(959, 518): 3805
(359, 401): 3806
(305, 1848): 3807
(1387, 964): 3808
(391, 494): 3809
(316, 1400): 3810
(359, 1312): 3811
(374, 568): 3812
(389, 134): 3813
(541, 1175): 3814
(337, 1758): 3815
(403, 2032): 3816
(348, 1263): 3817
(451, 133): 3818
(276, 803): 3819
(170, 417): 3820
(3672, 317): 3821
(831, 430): 3822
(305, 1237): 3823
(590, 272): 3824
(560, 2397): 3825
(991, 296): 3826
(305, 1332): 3827
(1399, 322): 3828
(552, 164): 3829
(1910, 360): 3830
(151, 323): 3831
(72, 3642): 3832
(572, 357): 3833
(320, 2825): 3834
(306, 1470): 3835
(1156, 1258): 3836
(385, 2060): 3837
(446, 168): 3838
(263, 2652): 3839
(556, 298): 3840
(340, 964): 3841
(332, 670): 3842
(334, 310): 3843
(182, 373): 3844
(1215, 318): 3845
(348, 1914): 3846
(304, 299): 3847
(336, 301): 3848
(443, 821): 3849
(706, 2000): 3850
(1127, 322): 3851
(151, 1536): 3852
(171, 284): 3853
(279, 161): 3854
(303, 979): 3855
(1537, 594): 3856
(722, 149): 3857
(403, 275): 3858
(305, 1943): 3859
(272, 1016): 3860
(633, 672): 3861
(332, 267): 3862
(55, 48): 3863
(547, 352): 3864
(292, 2900): 3865
(646, 364): 3866
(374, 2016): 3867
(2067, 1591): 3868
(395, 1657): 3869
(316, 1845): 3870
(513, 172): 3871
(613, 307): 3872
(483, 134): 3873
(271, 353): 3874
(974, 272): 3875
(336, 298): 3876
(371, 274): 3877
(328, 990): 3878
(305, 294): 3879
(819, 710): 3880
(97, 108): 3881
(2164, 270): 3882
(513, 164): 3883
(256, 147): 3884
(1076, 469): 3885
(350, 442): 3886
(443, 598): 3887
(1242, 835): 3888
(289, 284): 3889
(101, 110): 3890
(456, 501): 3891
(306, 1612): 3892
(328, 569): 3893
(1165, 380): 3894
(278, 485): 3895
(289, 346): 3896
(1570, 282): 3897
(456, 1605): 3898
(968, 56): 3899
(310, 392): 3900
(305, 1125): 3901
(441, 133): 3902
(402, 1067): 3903
(403, 692): 3904
(3708, 291): 3905
(115, 116): 3906
(574, 1704): 3907
(495, 383): 3908
(309, 294): 3909
(156, 288): 3910
(376, 609): 3911
(508, 286): 3912
(972, 866): 3913
(2682, 3474): 3914
(384, 1833): 3915
(436, 352): 3916
(343, 1100): 3917
(344, 803): 3918
(316, 1423): 3919
(782, 392): 3920
(271, 910): 3921
(406, 168): 3922
(299, 288): 3923
(311, 521): 3924
(271, 437): 3925
(370, 270): 3926
(358, 331): 3927
(392, 267): 3928
(297, 756): 3929
(754, 390): 3930
(268, 362): 3931
(446, 181): 3932
(407, 432): 3933
(335, 628): 3934
(137, 501): 3935
(453, 425): 3936
(263, 292): 3937
(722, 181): 3938
(267, 561): 3939
(560, 1247): 3940
(261, 39): 3941
(306, 369): 3942
(270, 286): 3943
(263, 1315): 3944
(422, 164): 3945
(1324, 400): 3946
(371, 292): 3947
(3404, 660): 3948
(135, 775): 3949
(305, 442): 3950
(263, 294): 3951
(300, 178): 3952
(693, 277): 3953
(367, 366): 3954
(174, 828): 3955
(3062, 3719): 3956
(273, 819): 3957
(303, 723): 3958
(404, 2337): 3959
(303, 1162): 3960
(381, 307): 3961
(283, 418): 3962
(374, 289): 3963
(336, 289): 3964
(1156, 450): 3965
(32, 75): 3966
(1844, 288): 3967
(302, 462): 3968
(483, 164): 3969
(1003, 577): 3970
(299, 894): 3971
(664, 1841): 3972
(289, 358): 3973
(394, 389): 3974
(305, 821): 3975
(1846, 275): 3976
(309, 532): 3977
(1083, 390): 3978
(472, 1316): 3979
(268, 445): 3980
(350, 271): 3981
(360, 291): 3982
(1234, 318): 3983
(316, 2583): 3984
(369, 419): 3985
(636, 386): 3986
(331, 402): 3987
(343, 538): 3988
(734, 184): 3989
(458, 272): 3990
(1088, 332): 3991
(534, 482): 3992
(703, 1576): 3993
(449, 290): 3994
(316, 415): 3995
(167, 288): 3996
(293, 1175): 3997
(266, 273): 3998
(279, 1360): 3999
(342, 376): 4000
(330, 735): 4001
(423, 134): 4002
(590, 638): 4003
(182, 285): 4004
(335, 2522): 4005
(506, 34): 4006
(537, 793): 4007
(351, 938): 4008
(327, 323): 4009
(404, 1605): 4010
(745, 357): 4011
(579, 921): 4012
(946, 1336): 4013
(447, 181): 4014
(372, 549): 4015
(438, 775): 4016
(1408, 363): 4017
(364, 462): 4018
(299, 271): 4019
(515, 1594): 4020
(548, 273): 4021
(342, 1630): 4022
(297, 1231): 4023
(358, 317): 4024
(393, 553): 4025
(290, 1260): 4026
(824, 339): 4027
(364, 3138): 4028
(998, 514): 4029
(986, 1119): 4030
(137, 1316): 4031
(328, 3265): 4032
(451, 181): 4033
(142, 301): 4034
(1564, 923): 4035
(266, 340): 4036
(360, 272): 4037
(300, 161): 4038
(1581, 318): 4039
(380, 136): 4040
(150, 2149): 4041
(327, 499): 4042
(688, 279): 4043
(295, 2363): 4044
(383, 181): 4045
(185, 496): 4046
(376, 288): 4047
(617, 174): 4048
(142, 440): 4049
(303, 454): 4050
(464, 176): 4051
(266, 648): 4052
(2155, 398): 4053
(268, 612): 4054
(50, 57): 4055
(378, 46): 4056
(268, 338): 4057
(167, 430): 4058
(135, 846): 4059
(311, 1686): 4060
(270, 810): 4061
(1847, 947): 4062
(306, 737): 4063
(537, 369): 4064
(329, 421): 4065
(379, 2084): 4066
(579, 2130): 4067
(337, 1258): 4068
(305, 479): 4069
(294, 1142): 4070
(10, 549): 4071
(394, 529): 4072
(133, 271): 4073
(669, 415): 4074
(152, 1632): 4075
(284, 1258): 4076
(539, 776): 4077
(293, 453): 4078
(361, 289): 4079
(567, 561): 4080
(543, 295): 4081
(1222, 495): 4082
(360, 270): 4083
(835, 912): 4084
(175, 2394): 4085
(256, 1095): 4086
(304, 307): 4087
(337, 2020): 4088
(827, 717): 4089
(348, 170): 4090
(294, 1247): 4091
(493, 58): 4092
(931, 288): 4093
(3562, 1738): 4094
(691, 149): 4095
(316, 270): 4096
(515, 2354): 4097
(521, 181): 4098
(446, 164): 4099
(276, 1471): 4100
(438, 375): 4101
(269, 171): 4102
(550, 496): 4103
(484, 504): 4104
(370, 455): 4105
(393, 272): 4106
(855, 883): 4107
(845, 312): 4108
(271, 264): 4109
(276, 345): 4110
(691, 184): 4111
(385, 1833): 4112
(1524, 1301): 4113
(395, 271): 4114
(905, 288): 4115
(435, 2320): 4116
(369, 377): 4117
(767, 355): 4118
(370, 1437): 4119
(267, 723): 4120
(417, 428): 4121
(283, 309): 4122
(172, 301): 4123
(456, 344): 4124
(715, 653): 4125
(400, 389): 4126
(406, 424): 4127
(438, 349): 4128
(289, 736): 4129
(1146, 292): 4130
(300, 822): 4131
(172, 288): 4132
(1113, 1488): 4133
(374, 268): 4134
(427, 954): 4135
(151, 1067): 4136
(316, 440): 4137
(256, 155): 4138
(3534, 2319): 4139
(334, 289): 4140
(385, 1152): 4141
(305, 1650): 4142
(573, 298): 4143
(293, 267): 4144
(266, 442): 4145
(270, 1022): 4146
(862, 2149): 4147
(327, 271): 4148
(319, 164): 4149
(642, 357): 4150
(403, 755): 4151
(133, 1243): 4152
(381, 2029): 4153
(557, 1152): 4154
(261, 505): 4155
(443, 1096): 4156
(269, 159): 4157
(920, 536): 4158
(1770, 317): 4159
(335, 2176): 4160
(664, 297): 4161
(272, 525): 4162
(270, 1326): 4163
(1548, 895): 4164
(364, 352): 4165
(1268, 583): 4166
(403, 340): 4167
(436, 299): 4168
(513, 168): 4169
(375, 410): 4170
(270, 448): 4171
(313, 284): 4172
(306, 302): 4173
(1989, 1120): 4174
(454, 634): 4175
(268, 270): 4176
(523, 802): 4177
(383, 2208): 4178
(32, 47): 4179
(380, 166): 4180
(3204, 698): 4181
(438, 440): 4182
(884, 277): 4183
(10, 309): 4184
(305, 346): 4185
(344, 1079): 4186
(361, 343): 4187
(842, 971): 4188
(579, 1425): 4189
(328, 870): 4190
(704, 1936): 4191
(489, 358): 4192
(256, 1043): 4193
(134, 835): 4194
(714, 50): 4195
(483, 170): 4196
(304, 642): 4197
(320, 1219): 4198
(373, 566): 4199
(350, 296): 4200
(435, 285): 4201
(299, 268): 4202
(500, 272): 4203
(268, 312): 4204
(270, 366): 4205
(267, 283): 4206
(52, 53): 4207
(2976, 358): 4208
(342, 2375): 4209
(546, 291): 4210
(39, 620): 4211
(445, 184): 4212
(284, 440): 4213
(470, 181): 4214
(176, 392): 4215
(299, 283): 4216
(4153, 317): 4217
(1027, 358): 4218
(479, 1577): 4219
(264, 379): 4220
(374, 793): 4221
(337, 474): 4222
(901, 747): 4223
(312, 1061): 4224
(551, 317): 4225
(328, 2867): 4226
(149, 911): 4227
(287, 592): 4228
(569, 1066): 4229
(918, 362): 4230
(593, 294): 4231
(300, 173): 4232
(411, 465): 4233
(567, 272): 4234
(182, 900): 4235
(348, 151): 4236
(369, 292): 4237
(316, 323): 4238
(520, 331): 4239
(397, 2350): 4240
(303, 756): 4241
(299, 267): 4242
(137, 277): 4243
(419, 274): 4244
(423, 135): 4245
(857, 184): 4246
(402, 1536): 4247
(363, 369): 4248
(447, 174): 4249
(1238, 287): 4250
(560, 970): 4251
(754, 301): 4252
(1607, 469): 4253
(408, 1404): 4254
(659, 164): 4255
(884, 572): 4256
(154, 1096): 4257
(541, 331): 4258
(1723, 572): 4259
(682, 320): 4260
(489, 283): 4261
(661, 568): 4262
(1240, 280): 4263
(335, 2603): 4264
(1010, 580): 4265
(53, 759): 4266
(550, 486): 4267
(397, 267): 4268
(374, 1878): 4269
(1184, 345): 4270
(655, 285): 4271
(419, 922): 4272
(337, 3134): 4273
(601, 3427): 4274
(706, 766): 4275
(400, 573): 4276
(2423, 333): 4277
(295, 136): 4278
(312, 304): 4279
(389, 391): 4280
(363, 967): 4281
(365, 477): 4282
(2804, 553): 4283
(406, 993): 4284
(272, 526): 4285
(305, 644): 4286
(2318, 855): 4287
(302, 521): 4288
(297, 333): 4289
(554, 317): 4290
(1048, 651): 4291
(342, 358): 4292
(402, 561): 4293
(730, 1253): 4294
(397, 2580): 4295
(320, 418): 4296
(333, 565): 4297
(524, 291): 4298
(292, 983): 4299
(925, 835): 4300
(431, 267): 4301
(275, 308): 4302
(262, 135): 4303
(373, 2680): 4304
(279, 159): 4305
(577, 286): 4306
(385, 1574): 4307
(329, 1897): 4308
(266, 1315): 4309
(312, 274): 4310
(328, 1590): 4311
(387, 1041): 4312
(524, 3012): 4313
(139, 274): 4314
(488, 487): 4315
(2175, 923): 4316
(168, 390): 4317
(484, 2437): 4318
(264, 495): 4319
(1635, 267): 4320
(348, 136): 4321
(2305, 2305): 4322
(332, 591): 4323
(438, 799): 4324
(2459, 559): 4325
(353, 284): 4326
(571, 268): 4327
(318, 937): 4328
(445, 149): 4329
(335, 363): 4330
(341, 361): 4331
(398, 1016): 4332
(346, 291): 4333
(325, 181): 4334
(267, 388): 4335
(552, 185): 4336
(406, 391): 4337
(1431, 3290): 4338
(774, 294): 4339
(395, 288): 4340
(384, 755): 4341
(484, 2574): 4342
(709, 327): 4343
(726, 874): 4344
(298, 500): 4345
(453, 289): 4346
(335, 2477): 4347
(146, 442): 4348
(293, 756): 4349
(1565, 268): 4350
(294, 2584): 4351
(387, 291): 4352
(387, 267): 4353
(342, 890): 4354
(1020, 307): 4355
(266, 44): 4356
(573, 611): 4357
(669, 364): 4358
(427, 1720): 4359
(484, 701): 4360
(2792, 289): 4361
(527, 458): 4362
(2118, 405): 4363
(640, 323): 4364
(444, 355): 4365
(353, 428): 4366
(1448, 732): 4367
(878, 1752): 4368
(329, 954): 4369
(367, 428): 4370
(819, 291): 4371
(462, 185): 4372
(276, 674): 4373
(258, 183): 4374
(1563, 309): 4375
(547, 2386): 4376
(890, 313): 4377
(305, 2675): 4378
(336, 1805): 4379
(1075, 360): 4380
(534, 299): 4381
(950, 317): 4382
(259, 44): 4383
(492, 312): 4384
(395, 2950): 4385
(299, 1016): 4386
(343, 358): 4387
(268, 788): 4388
(449, 288): 4389
(175, 867): 4390
(267, 363): 4391
(315, 465): 4392
(951, 363): 4393
(352, 1319): 4394
(93, 10): 4395
(277, 268): 4396
(361, 46): 4397
(320, 317): 4398
(359, 954): 4399
(533, 568): 4400
(337, 1158): 4401
(456, 307): 4402
(82, 101): 4403
(32, 46): 4404
(339, 1047): 4405
(712, 2876): 4406
(297, 718): 4407
(375, 1475): 4408
(337, 317): 4409
(1391, 124): 4410
(2984, 732): 4411
(1169, 267): 4412
(279, 143): 4413
(327, 976): 4414
(371, 598): 4415
(111, 114): 4416
(335, 440): 4417
(1420, 1557): 4418
(407, 285): 4419
(473, 1183): 4420
(310, 388): 4421
(462, 170): 4422
(578, 133): 4423
(32, 1684): 4424
(1166, 287): 4425
(1729, 281): 4426
(309, 283): 4427
(297, 641): 4428
(267, 468): 4429
(397, 284): 4430
(688, 498): 4431
(312, 937): 4432
(633, 401): 4433
(513, 185): 4434
(261, 962): 4435
(1109, 276): 4436
(1317, 274): 4437
(530, 353): 4438
(364, 309): 4439
(932, 2366): 4440
(269, 161): 4441
(306, 1094): 4442
(301, 272): 4443
(275, 1144): 4444
(293, 672): 4445
(618, 34): 4446
(1707, 308): 4447
(380, 173): 4448
(270, 317): 4449
(3172, 382): 4450
(1426, 440): 4451
(529, 629): 4452
(353, 768): 4453
(567, 697): 4454
(664, 284): 4455
(335, 952): 4456
(344, 362): 4457
(316, 1993): 4458
(901, 2266): 4459
(386, 341): 4460
(556, 315): 4461
(335, 281): 4462
(372, 309): 4463
(602, 286): 4464
(1423, 367): 4465
(540, 486): 4466
(374, 281): 4467
(536, 308): 4468
(275, 327): 4469
(305, 1678): 4470
(502, 308): 4471
(476, 477): 4472
(2291, 2482): 4473
(457, 863): 4474
(306, 629): 4475
(164, 1586): 4476
(283, 607): 4477
(372, 320): 4478
(447, 1064): 4479
(513, 181): 4480
(305, 565): 4481
(857, 149): 4482
(282, 830): 4483
(302, 365): 4484
(361, 689): 4485
(567, 828): 4486
(327, 668): 4487
(1218, 916): 4488
(303, 1081): 4489
(263, 348): 4490
(4083, 547): 4491
(836, 268): 4492
(423, 170): 4493
(276, 310): 4494
(888, 1219): 4495
(552, 168): 4496
(446, 135): 4497
(267, 320): 4498
(275, 323): 4499
(753, 358): 4500
(827, 346): 4501
(327, 1865): 4502
(488, 1456): 4503
(176, 561): 4504
(523, 296): 4505
(612, 476): 4506
(270, 486): 4507
(343, 1363): 4508
(299, 828): 4509
(712, 284): 4510
(316, 674): 4511
(436, 323): 4512
(543, 606): 4513
(1215, 264): 4514
(417, 280): 4515
(371, 309): 4516
(629, 317): 4517
(343, 382): 4518
(338, 289): 4519
(560, 1760): 4520
(338, 425): 4521
(292, 341): 4522
(443, 740): 4523
(1651, 928): 4524
(305, 1806): 4525
(397, 288): 4526
(556, 2071): 4527
(406, 134): 4528
(4107, 341): 4529
(278, 150): 4530
(328, 1382): 4531
(329, 1900): 4532
(443, 271): 4533
(281, 617): 4534
(337, 2114): 4535
(579, 2698): 4536
(567, 301): 4537
(480, 1347): 4538
(1587, 280): 4539
(267, 434): 4540
(526, 181): 4541
(543, 409): 4542
(291, 274): 4543
(464, 424): 4544
(1295, 400): 4545
(287, 1271): 4546
(305, 351): 4547
(339, 288): 4548
(453, 276): 4549
(1132, 1916): 4550
(328, 1676): 4551
(332, 1900): 4552
(680, 290): 4553
(1842, 497): 4554
(556, 375): 4555
(523, 272): 4556
(2196, 802): 4557
(297, 297): 4558
(1643, 359): 4559
(328, 449): 4560
(909, 277): 4561
(267, 478): 4562
(1361, 496): 4563
(601, 3757): 4564
(449, 851): 4565
(411, 965): 4566
(473, 362): 4567
(336, 1904): 4568
(953, 577): 4569
(282, 310): 4570
(643, 271): 4571
(647, 685): 4572
(837, 353): 4573
(376, 460): 4574
(345, 1355): 4575
(812, 149): 4576
(2362, 277): 4577
(1608, 496): 4578
(511, 276): 4579
(391, 285): 4580
(472, 1924): 4581
(578, 185): 4582
(264, 32): 4583
(467, 289): 4584
(1069, 2406): 4585
(1989, 476): 4586
(288, 386): 4587
(269, 666): 4588
(306, 622): 4589
(515, 496): 4590
(777, 971): 4591
(817, 460): 4592
(373, 353): 4593
(2301, 518): 4594
(472, 2168): 4595
(268, 440): 4596
(734, 149): 4597
(3073, 460): 4598
(659, 185): 4599
(274, 429): 4600
(280, 288): 4601
(51, 53): 4602
(407, 315): 4603
(351, 341): 4604
(408, 1021): 4605
(1248, 360): 4606
(549, 494): 4607
(294, 1175): 4608
(486, 271): 4609
(297, 1107): 4610
(402, 1959): 4611
(448, 1092): 4612
(968, 57): 4613
(274, 394): 4614
(638, 341): 4615
(328, 2570): 4616
(291, 601): 4617
(316, 973): 4618
(1655, 441): 4619
(571, 346): 4620
(337, 331): 4621
(471, 294): 4622
(343, 1096): 4623
(751, 310): 4624
(374, 1775): 4625
(335, 1938): 4626
(292, 308): 4627
(289, 621): 4628
(422, 176): 4629
(1531, 270): 4630
(374, 2331): 4631
(306, 819): 4632
(472, 277): 4633
(422, 170): 4634
(286, 586): 4635
(57, 57): 4636
(364, 1415): 4637
(1564, 1911): 4638
(271, 954): 4639
(261, 677): 4640
(1126, 844): 4641
(272, 1345): 4642
(327, 401): 4643
(747, 363): 4644
(751, 307): 4645
(452, 943): 4646
(2975, 274): 4647
(435, 1702): 4648
(422, 156): 4649
(271, 331): 4650
(142, 390): 4651
(10, 320): 4652
(267, 432): 4653
(344, 928): 4654
(2255, 323): 4655
(344, 970): 4656
(374, 488): 4657
(593, 656): 4658
(311, 1106): 4659
(2201, 292): 4660
(353, 319): 4661
(455, 288): 4662
(299, 340): 4663
(286, 267): 4664
(355, 135): 4665
(335, 1341): 4666
(327, 1250): 4667
(436, 320): 4668
(359, 756): 4669
(1657, 1513): 4670
(287, 375): 4671
(384, 368): 4672
(1272, 48): 4673
(299, 331): 4674
(2125, 738): 4675
(335, 1451): 4676
(170, 870): 4677
(291, 749): 4678
(552, 172): 4679
(686, 778): 4680
(383, 1880): 4681
(361, 568): 4682
(633, 407): 4683
(154, 821): 4684
(758, 527): 4685
(331, 336): 4686
(395, 611): 4687
(487, 908): 4688
(350, 272): 4689
(332, 293): 4690
(1074, 496): 4691
(279, 1095): 4692
(1438, 318): 4693
(2145, 2145): 4694
(730, 1353): 4695
(342, 1640): 4696
(271, 1196): 4697
(266, 59): 4698
(942, 149): 4699
(282, 352): 4700
(771, 317): 4701
(300, 826): 4702
(1416, 2753): 4703
(942, 184): 4704
(166, 263): 4705
(859, 184): 4706
(691, 164): 4707
(2190, 32): 4708
(2646, 1888): 4709
(2498, 804): 4710
(564, 346): 4711
(420, 174): 4712
(1015, 310): 4713
(264, 435): 4714
(684, 298): 4715
(301, 363): 4716
(331, 443): 4717
(861, 372): 4718
(370, 462): 4719
(361, 310): 4720
(726, 392): 4721
(2090, 454): 4722
(770, 346): 4723
(151, 1959): 4724
(454, 58): 4725
(2021, 271): 4726
(290, 341): 4727
(687, 2000): 4728
(338, 276): 4729
(522, 1546): 4730
(2686, 804): 4731
(414, 288): 4732
(534, 425): 4733
(316, 590): 4734
(2315, 2017): 4735
(302, 568): 4736
(389, 156): 4737
(2777, 2144): 4738
(1473, 387): 4739
(461, 610): 4740
(2081, 103): 4741
(1221, 805): 4742
(499, 1040): 4743
(300, 175): 4744
(464, 134): 4745
(263, 737): 4746
(374, 2217): 4747
(272, 353): 4748
(534, 276): 4749
(316, 2455): 4750
(303, 937): 4751
(620, 729): 4752
(337, 1132): 4753
(271, 318): 4754
(990, 1400): 4755
(427, 657): 4756
(2160, 727): 4757
(1294, 451): 4758
(304, 294): 4759
(335, 497): 4760
(268, 276): 4761
(256, 1201): 4762
(371, 310): 4763
(494, 273): 4764
(474, 275): 4765
(355, 182): 4766
(263, 59): 4767
(814, 270): 4768
(395, 1491): 4769
(299, 1291): 4770
(774, 846): 4771
(310, 1590): 4772
(166, 653): 4773
(2206, 291): 4774
(2004, 1660): 4775
(170, 296): 4776
(597, 267): 4777
(604, 270): 4778
(456, 340): 4779
(528, 728): 4780
(513, 133): 4781
(2027, 544): 4782
(10, 270): 4783
(366, 430): 4784
(302, 598): 4785
(410, 267): 4786
(124, 124): 4787
(272, 547): 4788
(1533, 285): 4789
(266, 737): 4790
(578, 424): 4791
(487, 345): 4792
(2385, 903): 4793
(260, 150): 4794
(335, 311): 4795
(385, 1795): 4796
(969, 267): 4797
(170, 283): 4798
(876, 184): 4799
(609, 318): 4800
(484, 675): 4801
(391, 267): 4802
(303, 1452): 4803
(289, 638): 4804
(648, 288): 4805
(523, 750): 4806
(32, 96): 4807
(176, 504): 4808
(1178, 264): 4809
(303, 287): 4810
(1325, 287): 4811
(542, 293): 4812
(526, 133): 4813
(1304, 628): 4814
(968, 55): 4815
(379, 1477): 4816
(510, 611): 4817
(316, 3131): 4818
(264, 45): 4819
(364, 568): 4820
(379, 334): 4821
(305, 280): 4822
(618, 634): 4823
(884, 2384): 4824
(51, 46): 4825
(1710, 285): 4826
(501, 284): 4827
(270, 346): 4828
(360, 907): 4829
(1060, 308): 4830
(1114, 755): 4831
(418, 322): 4832
(856, 184): 4833
(272, 1117): 4834
(1146, 644): 4835
(364, 1679): 4836
(447, 965): 4837
(135, 281): 4838
(515, 741): 4839
(360, 333): 4840
(269, 1097): 4841
(297, 421): 4842
(331, 937): 4843
(311, 2871): 4844
(305, 2253): 4845
(462, 176): 4846
(383, 1287): 4847
(1187, 267): 4848
(343, 1441): 4849
(472, 1624): 4850
(779, 275): 4851
(1146, 410): 4852
(266, 505): 4853
(289, 283): 4854
(3335, 3852): 4855
(2713, 414): 4856
(1166, 851): 4857
(407, 564): 4858
(267, 771): 4859
(4403, 4708): 4860
(305, 2781): 4861
(1637, 432): 4862
(978, 3192): 4863
(332, 1897): 4864
(552, 174): 4865
(151, 501): 4866
(281, 297): 4867
(268, 1125): 4868
(111, 118): 4869
(361, 495): 4870
(712, 271): 4871
(308, 768): 4872
(1057, 53): 4873
(815, 1600): 4874
(1741, 371): 4875
(328, 296): 4876
(259, 463): 4877
(343, 1209): 4878
(1490, 648): 4879
(268, 722): 4880
(435, 918): 4881
(263, 588): 4882
(532, 276): 4883
(374, 277): 4884
(590, 281): 4885
(318, 432): 4886
(293, 401): 4887
(385, 2292): 4888
(268, 2506): 4889
(464, 164): 4890
(381, 340): 4891
(479, 766): 4892
(587, 272): 4893
(275, 333): 4894
(379, 2356): 4895
(472, 2643): 4896
(301, 323): 4897
(137, 1349): 4898
(329, 399): 4899
(1569, 323): 4900
(617, 172): 4901
(615, 3310): 4902
(538, 331): 4903
(465, 286): 4904
(271, 657): 4905
(529, 440): 4906
(1796, 317): 4907
(337, 1774): 4908
(278, 735): 4909
(134, 281): 4910
(411, 808): 4911
(1127, 409): 4912
(526, 185): 4913
(268, 582): 4914
(619, 697): 4915
(397, 1929): 4916
(310, 387): 4917
(270, 344): 4918
(397, 1979): 4919
(315, 965): 4920
(549, 780): 4921
(2187, 110): 4922
(318, 298): 4923
(944, 410): 4924
(317, 973): 4925
(686, 348): 4926
(342, 341): 4927
(331, 409): 4928
(714, 56): 4929
(100, 105): 4930
(341, 285): 4931
(521, 168): 4932
(1839, 308): 4933
(1492, 284): 4934
(402, 1144): 4935
(968, 54): 4936
(448, 4298): 4937
(1377, 375): 4938
(472, 2170): 4939
(850, 512): 4940
(389, 170): 4941
(662, 989): 4942
(1552, 441): 4943
(372, 270): 4944
(288, 1799): 4945
(32, 1370): 4946
(526, 168): 4947
(688, 393): 4948
(521, 172): 4949
(364, 563): 4950
(4860, 4139): 4951
(628, 416): 4952
(814, 2484): 4953
(351, 323): 4954
(135, 382): 4955
(284, 274): 4956
(304, 2839): 4957
(648, 317): 4958
(275, 367): 4959
(337, 3240): 4960
(310, 701): 4961
(1194, 286): 4962
(370, 440): 4963
(438, 270): 4964
(297, 761): 4965
(698, 174): 4966
(2722, 1825): 4967
(429, 149): 4968
(272, 511): 4969
(521, 133): 4970
(267, 342): 4971
(446, 133): 4972
(332, 514): 4973
(1791, 985): 4974
(345, 331): 4975
(327, 311): 4976
(51, 49): 4977
(275, 922): 4978
(270, 1196): 4979
(115, 32): 4980
(385, 881): 4981
(1693, 409): 4982
(2164, 794): 4983
(543, 875): 4984
(862, 2936): 4985
(778, 174): 4986
(278, 1174): 4987
(800, 645): 4988
(3493, 1161): 4989
(785, 478): 4990
(321, 482): 4991
(1952, 4335): 4992
(306, 285): 4993
(862, 1965): 4994
(447, 133): 4995
(275, 382): 4996
(379, 2082): 4997
(406, 164): 4998
(346, 527): 4999
